// Data on points

33
(
(-1073.872 -127.17658 0)
(-372.74788 255.96546 0)
(293.32363 -322.44277 0)
(815.01692 -165.91608 0)
(251.13473 -541.73624 0)
(302.04594 -481.31738 0)
(241.78585 -687.46256 0)
(248.16086 -636.6709 0)
(232.07828 -779.71516 0)
(239.15992 -745.62584 0)
(217.85551 -838.8481 0)
(226.99604 -816.69636 0)
(199.64594 -876.94351 0)
(209.91693 -862.48441 0)
(179.00415 -901.3327 0)
(189.90435 -892.15322 0)
(157.46822 -916.88316 0)
(168.81368 -910.93235 0)
(136.3347 -926.70594 0)
(147.18927 -922.63543 0)
(113.85041 -932.06591 0)
(124.54283 -930.38348 0)
(92.404081 -935.94018 0)
(104.38525 -934.09324 0)
(71.323373 -936.51584 0)
(80.561611 -936.28651 0)
(50.777652 -937.53456 0)
(61.50237 -937.05705 0)
(30.241957 -937.87461 0)
(40.617956 -937.4556 0)
(10.338492 -937.7525 0)
(19.582906 -937.35574 0)
(-1.2452765 -937.26233 0)
)

