// Points

35
(
(0.020183738 0.026421727 0)
(0.02 0.02682526 0)
(0.020827175 0.025816103 0)
(0.020472568 0.026084319 0)
(0.021637091 0.025451296 0)
(0.021220862 0.025608873 0)
(0.022502311 0.025243478 0)
(0.022066108 0.025332537 0)
(0.023384991 0.025127143 0)
(0.022942531 0.025176875 0)
(0.024273097 0.025062369 0)
(0.023828698 0.025090039 0)
(0.02516288 0.025026346 0)
(0.024717882 0.025041746 0)
(0.026053185 0.025006526 0)
(0.025607999 0.025014946 0)
(0.026966593 0.025 0)
(0.026498403 0.025 0)
(0.027902973 0.025 0)
(0.027434783 0.025 0)
(0.028839352 0.025 0)
(0.028371162 0.025 0)
(0.029775732 0.025 0)
(0.029307542 0.025 0)
(0.030712112 0.025 0)
(0.030243922 0.025 0)
(0.031648492 0.025 0)
(0.031180302 0.025 0)
(0.032533747 0.025 0)
(0.032116682 0.025 0)
(0.033254709 0.025 0)
(0.032950812 0.025 0)
(0.034 0.025 0)
(0.033558607 0.025 0)
(0.033779303 0.025 0)
)

