// Data on points

297
(
914.56201
914.31313
915.05809
914.81869
915.46018
915.26824
915.79608
915.6357
916.08089
915.94305
916.32925
916.20883
916.55136
916.44297
916.75327
916.65438
916.93943
916.84801
917.11358
917.02783
917.27734
917.19658
917.43283
917.35603
917.58078
917.50765
917.72235
917.6523
917.85801
917.79083
917.98826
917.92377
918.11349
918.05147
918.23399
918.1743
918.35002
918.29256
918.46171
918.40637
918.56925
918.51599
918.67277
918.6215
918.77235
918.72303
918.8681
918.8207
918.9601
918.91456
919.0484
919.0047
919.13306
919.09118
919.21414
919.17404
919.29166
919.25334
919.36568
919.32911
919.43623
919.40139
919.50334
919.47021
919.56703
919.53561
919.62733
919.5976
919.68427
919.65622
919.73786
919.71148
919.78813
919.76341
919.8351
919.81202
919.87878
919.85735
919.91918
919.89939
919.95633
919.93816
919.99024
919.97369
920.02091
920.00597
920.04835
920.03503
920.07259
920.06087
920.0936
920.08349
920.1114
920.1029
920.12597
920.11909
920.13731
920.13205
920.14539
920.14176
920.15017
920.14819
920.1516
920.15131
920.14959
920.15103
920.14402
920.14726
920.1347
920.13984
920.12137
920.12856
920.10357
920.11305
920.08065
920.09281
920.05151
920.06693
920.01433
920.03408
919.96607
919.99186
919.90103
919.93615
919.80347
919.85885
919.62706
919.72007
919.50207
919.55895
919.4032
919.45069
919.31613
919.3586
919.23576
919.27533
919.15929
919.19716
919.08503
919.12197
919.012
919.04842
918.93956
918.97574
918.86734
918.90345
918.79506
918.83122
918.72257
918.75885
918.64978
918.68622
918.57661
918.61324
918.50301
918.53987
918.42897
918.46605
918.35448
918.39179
918.27954
918.31707
918.20414
918.2419
918.1283
918.16628
918.05202
918.09022
917.97532
918.01373
917.89821
917.93682
917.8207
917.8595
917.7428
917.7818
917.66453
917.70371
917.5859
917.62526
917.50691
917.54645
917.42759
917.4673
917.34794
917.38781
917.26796
917.30799
917.18766
917.22785
917.10705
917.14739
917.02613
917.06663
916.94491
916.98556
916.86339
916.90419
916.78156
916.82252
916.69944
916.74054
916.617
916.65826
916.53427
916.57567
916.45123
916.49279
916.36789
916.4096
916.28424
916.3261
916.20029
916.2423
916.11605
916.15821
916.03152
916.07382
915.94673
915.98916
915.86169
915.90424
915.77643
915.81908
915.691
915.73373
915.60545
915.64823
915.51985
915.56265
915.43429
915.47706
915.34886
915.39155
915.2637
915.30624
915.17895
915.22127
915.09476
915.13677
915.01133
915.05294
914.92884
914.96995
914.84751
914.88802
914.76754
914.80734
914.68916
914.72814
914.61259
914.65064
914.53802
914.57504
914.46568
914.50156
914.39573
914.43039
914.32837
914.36172
914.26375
914.29571
914.20203
914.23252
914.14334
914.1723
914.0878
914.11517
914.03553
914.06125
913.98662
914.01065
913.94117
913.96346
913.89925
913.91976
913.86093
913.87963
913.82628
913.84314
913.79535
913.81034
913.76818
913.78129
913.74483
913.75603
913.72532
913.73459
913.70968
913.71701
913.69792
913.70331
913.69007
913.69351
913.68615
913.68762
913.68566
)

