/*--------------------------------*- C++ -*----------------------------------*\
| =========                 |                                                 |
| \\      /  F ield         | OpenFOAM: The Open Source CFD Toolbox           |
|  \\    /   O peration     | Version:  2112                                  |
|   \\  /    A nd           | Website:  www.openfoam.com                      |
|    \\/     M anipulation  |                                                 |
\*---------------------------------------------------------------------------*/
FoamFile
{
    version     2.0;
    format      ascii;
    arch        "LSB;label=32;scalar=64";
    note        "nPoints:12921  nCells:6336  nFaces:25432  nInternalFaces:12512";
    class       labelList;
    location    "constant/polyMesh";
    object      neighbour;
}
// * * * * * * * * * * * * * * * * * * * * * * * * * * * * * * * * * * * * * //


12512
(
1
50
4918
2
51
4919
3
52
4920
4
53
4921
5
54
4922
6
55
4923
7
56
4924
8
57
4925
9
58
4926
10
59
4927
11
60
4928
12
61
4929
13
62
4930
14
63
4931
15
64
4932
16
65
4933
17
66
4934
18
67
4935
19
68
4936
20
69
4937
21
70
4938
22
71
4939
23
72
4940
24
73
4941
25
74
4942
26
75
4943
27
76
4944
28
77
4945
29
78
4946
30
79
4947
31
80
4948
32
81
4949
33
82
4950
34
83
4951
35
84
4952
36
85
4953
37
86
4954
38
87
4955
39
88
4956
40
89
4957
41
90
4958
42
91
4959
43
92
4960
44
93
4961
45
94
4962
46
95
4963
47
96
4964
48
97
4965
49
98
4966
99
1800
4967
51
100
52
101
53
102
54
103
55
104
56
105
57
106
58
107
59
108
60
109
61
110
62
111
63
112
64
113
65
114
66
115
67
116
68
117
69
118
70
119
71
120
72
121
73
122
74
123
75
124
76
125
77
126
78
127
79
128
80
129
81
130
82
131
83
132
84
133
85
134
86
135
87
136
88
137
89
138
90
139
91
140
92
141
93
142
94
143
95
144
96
145
97
146
98
147
99
148
149
1814
101
150
102
151
103
152
104
153
105
154
106
155
107
156
108
157
109
158
110
159
111
160
112
161
113
162
114
163
115
164
116
165
117
166
118
167
119
168
120
169
121
170
122
171
123
172
124
173
125
174
126
175
127
176
128
177
129
178
130
179
131
180
132
181
133
182
134
183
135
184
136
185
137
186
138
187
139
188
140
189
141
190
142
191
143
192
144
193
145
194
146
195
147
196
148
197
149
198
199
1828
151
200
152
201
153
202
154
203
155
204
156
205
157
206
158
207
159
208
160
209
161
210
162
211
163
212
164
213
165
214
166
215
167
216
168
217
169
218
170
219
171
220
172
221
173
222
174
223
175
224
176
225
177
226
178
227
179
228
180
229
181
230
182
231
183
232
184
233
185
234
186
235
187
236
188
237
189
238
190
239
191
240
192
241
193
242
194
243
195
244
196
245
197
246
198
247
199
248
249
1842
201
250
202
251
203
252
204
253
205
254
206
255
207
256
208
257
209
258
210
259
211
260
212
261
213
262
214
263
215
264
216
265
217
266
218
267
219
268
220
269
221
270
222
271
223
272
224
273
225
274
226
275
227
276
228
277
229
278
230
279
231
280
232
281
233
282
234
283
235
284
236
285
237
286
238
287
239
288
240
289
241
290
242
291
243
292
244
293
245
294
246
295
247
296
248
297
249
298
299
1856
251
300
252
301
253
302
254
303
255
304
256
305
257
306
258
307
259
308
260
309
261
310
262
311
263
312
264
313
265
314
266
315
267
316
268
317
269
318
270
319
271
320
272
321
273
322
274
323
275
324
276
325
277
326
278
327
279
328
280
329
281
330
282
331
283
332
284
333
285
334
286
335
287
336
288
337
289
338
290
339
291
340
292
341
293
342
294
343
295
344
296
345
297
346
298
347
299
348
349
1870
301
350
302
351
303
352
304
353
305
354
306
355
307
356
308
357
309
358
310
359
311
360
312
361
313
362
314
363
315
364
316
365
317
366
318
367
319
368
320
369
321
370
322
371
323
372
324
373
325
374
326
375
327
376
328
377
329
378
330
379
331
380
332
381
333
382
334
383
335
384
336
385
337
386
338
387
339
388
340
389
341
390
342
391
343
392
344
393
345
394
346
395
347
396
348
397
349
398
399
1884
351
400
352
401
353
402
354
403
355
404
356
405
357
406
358
407
359
408
360
409
361
410
362
411
363
412
364
413
365
414
366
415
367
416
368
417
369
418
370
419
371
420
372
421
373
422
374
423
375
424
376
425
377
426
378
427
379
428
380
429
381
430
382
431
383
432
384
433
385
434
386
435
387
436
388
437
389
438
390
439
391
440
392
441
393
442
394
443
395
444
396
445
397
446
398
447
399
448
449
1898
401
450
402
451
403
452
404
453
405
454
406
455
407
456
408
457
409
458
410
459
411
460
412
461
413
462
414
463
415
464
416
465
417
466
418
467
419
468
420
469
421
470
422
471
423
472
424
473
425
474
426
475
427
476
428
477
429
478
430
479
431
480
432
481
433
482
434
483
435
484
436
485
437
486
438
487
439
488
440
489
441
490
442
491
443
492
444
493
445
494
446
495
447
496
448
497
449
498
499
1912
451
500
452
501
453
502
454
503
455
504
456
505
457
506
458
507
459
508
460
509
461
510
462
511
463
512
464
513
465
514
466
515
467
516
468
517
469
518
470
519
471
520
472
521
473
522
474
523
475
524
476
525
477
526
478
527
479
528
480
529
481
530
482
531
483
532
484
533
485
534
486
535
487
536
488
537
489
538
490
539
491
540
492
541
493
542
494
543
495
544
496
545
497
546
498
547
499
548
549
1926
501
550
502
551
503
552
504
553
505
554
506
555
507
556
508
557
509
558
510
559
511
560
512
561
513
562
514
563
515
564
516
565
517
566
518
567
519
568
520
569
521
570
522
571
523
572
524
573
525
574
526
575
527
576
528
577
529
578
530
579
531
580
532
581
533
582
534
583
535
584
536
585
537
586
538
587
539
588
540
589
541
590
542
591
543
592
544
593
545
594
546
595
547
596
548
597
549
598
599
1940
551
600
552
601
553
602
554
603
555
604
556
605
557
606
558
607
559
608
560
609
561
610
562
611
563
612
564
613
565
614
566
615
567
616
568
617
569
618
570
619
571
620
572
621
573
622
574
623
575
624
576
625
577
626
578
627
579
628
580
629
581
630
582
631
583
632
584
633
585
634
586
635
587
636
588
637
589
638
590
639
591
640
592
641
593
642
594
643
595
644
596
645
597
646
598
647
599
648
649
1954
601
650
602
651
603
652
604
653
605
654
606
655
607
656
608
657
609
658
610
659
611
660
612
661
613
662
614
663
615
664
616
665
617
666
618
667
619
668
620
669
621
670
622
671
623
672
624
673
625
674
626
675
627
676
628
677
629
678
630
679
631
680
632
681
633
682
634
683
635
684
636
685
637
686
638
687
639
688
640
689
641
690
642
691
643
692
644
693
645
694
646
695
647
696
648
697
649
698
699
1968
651
700
652
701
653
702
654
703
655
704
656
705
657
706
658
707
659
708
660
709
661
710
662
711
663
712
664
713
665
714
666
715
667
716
668
717
669
718
670
719
671
720
672
721
673
722
674
723
675
724
676
725
677
726
678
727
679
728
680
729
681
730
682
731
683
732
684
733
685
734
686
735
687
736
688
737
689
738
690
739
691
740
692
741
693
742
694
743
695
744
696
745
697
746
698
747
699
748
749
1982
701
750
702
751
703
752
704
753
705
754
706
755
707
756
708
757
709
758
710
759
711
760
712
761
713
762
714
763
715
764
716
765
717
766
718
767
719
768
720
769
721
770
722
771
723
772
724
773
725
774
726
775
727
776
728
777
729
778
730
779
731
780
732
781
733
782
734
783
735
784
736
785
737
786
738
787
739
788
740
789
741
790
742
791
743
792
744
793
745
794
746
795
747
796
748
797
749
798
799
1996
751
800
752
801
753
802
754
803
755
804
756
805
757
806
758
807
759
808
760
809
761
810
762
811
763
812
764
813
765
814
766
815
767
816
768
817
769
818
770
819
771
820
772
821
773
822
774
823
775
824
776
825
777
826
778
827
779
828
780
829
781
830
782
831
783
832
784
833
785
834
786
835
787
836
788
837
789
838
790
839
791
840
792
841
793
842
794
843
795
844
796
845
797
846
798
847
799
848
849
2010
801
850
802
851
803
852
804
853
805
854
806
855
807
856
808
857
809
858
810
859
811
860
812
861
813
862
814
863
815
864
816
865
817
866
818
867
819
868
820
869
821
870
822
871
823
872
824
873
825
874
826
875
827
876
828
877
829
878
830
879
831
880
832
881
833
882
834
883
835
884
836
885
837
886
838
887
839
888
840
889
841
890
842
891
843
892
844
893
845
894
846
895
847
896
848
897
849
898
899
2024
851
900
852
901
853
902
854
903
855
904
856
905
857
906
858
907
859
908
860
909
861
910
862
911
863
912
864
913
865
914
866
915
867
916
868
917
869
918
870
919
871
920
872
921
873
922
874
923
875
924
876
925
877
926
878
927
879
928
880
929
881
930
882
931
883
932
884
933
885
934
886
935
887
936
888
937
889
938
890
939
891
940
892
941
893
942
894
943
895
944
896
945
897
946
898
947
899
948
949
2038
901
950
902
951
903
952
904
953
905
954
906
955
907
956
908
957
909
958
910
959
911
960
912
961
913
962
914
963
915
964
916
965
917
966
918
967
919
968
920
969
921
970
922
971
923
972
924
973
925
974
926
975
927
976
928
977
929
978
930
979
931
980
932
981
933
982
934
983
935
984
936
985
937
986
938
987
939
988
940
989
941
990
942
991
943
992
944
993
945
994
946
995
947
996
948
997
949
998
999
2052
951
1000
952
1001
953
1002
954
1003
955
1004
956
1005
957
1006
958
1007
959
1008
960
1009
961
1010
962
1011
963
1012
964
1013
965
1014
966
1015
967
1016
968
1017
969
1018
970
1019
971
1020
972
1021
973
1022
974
1023
975
1024
976
1025
977
1026
978
1027
979
1028
980
1029
981
1030
982
1031
983
1032
984
1033
985
1034
986
1035
987
1036
988
1037
989
1038
990
1039
991
1040
992
1041
993
1042
994
1043
995
1044
996
1045
997
1046
998
1047
999
1048
1049
2066
1001
1050
1002
1051
1003
1052
1004
1053
1005
1054
1006
1055
1007
1056
1008
1057
1009
1058
1010
1059
1011
1060
1012
1061
1013
1062
1014
1063
1015
1064
1016
1065
1017
1066
1018
1067
1019
1068
1020
1069
1021
1070
1022
1071
1023
1072
1024
1073
1025
1074
1026
1075
1027
1076
1028
1077
1029
1078
1030
1079
1031
1080
1032
1081
1033
1082
1034
1083
1035
1084
1036
1085
1037
1086
1038
1087
1039
1088
1040
1089
1041
1090
1042
1091
1043
1092
1044
1093
1045
1094
1046
1095
1047
1096
1048
1097
1049
1098
1099
2080
1051
1100
1052
1101
1053
1102
1054
1103
1055
1104
1056
1105
1057
1106
1058
1107
1059
1108
1060
1109
1061
1110
1062
1111
1063
1112
1064
1113
1065
1114
1066
1115
1067
1116
1068
1117
1069
1118
1070
1119
1071
1120
1072
1121
1073
1122
1074
1123
1075
1124
1076
1125
1077
1126
1078
1127
1079
1128
1080
1129
1081
1130
1082
1131
1083
1132
1084
1133
1085
1134
1086
1135
1087
1136
1088
1137
1089
1138
1090
1139
1091
1140
1092
1141
1093
1142
1094
1143
1095
1144
1096
1145
1097
1146
1098
1147
1099
1148
1149
2094
1101
1150
1102
1151
1103
1152
1104
1153
1105
1154
1106
1155
1107
1156
1108
1157
1109
1158
1110
1159
1111
1160
1112
1161
1113
1162
1114
1163
1115
1164
1116
1165
1117
1166
1118
1167
1119
1168
1120
1169
1121
1170
1122
1171
1123
1172
1124
1173
1125
1174
1126
1175
1127
1176
1128
1177
1129
1178
1130
1179
1131
1180
1132
1181
1133
1182
1134
1183
1135
1184
1136
1185
1137
1186
1138
1187
1139
1188
1140
1189
1141
1190
1142
1191
1143
1192
1144
1193
1145
1194
1146
1195
1147
1196
1148
1197
1149
1198
1199
2108
1151
1200
1152
1201
1153
1202
1154
1203
1155
1204
1156
1205
1157
1206
1158
1207
1159
1208
1160
1209
1161
1210
1162
1211
1163
1212
1164
1213
1165
1214
1166
1215
1167
1216
1168
1217
1169
1218
1170
1219
1171
1220
1172
1221
1173
1222
1174
1223
1175
1224
1176
1225
1177
1226
1178
1227
1179
1228
1180
1229
1181
1230
1182
1231
1183
1232
1184
1233
1185
1234
1186
1235
1187
1236
1188
1237
1189
1238
1190
1239
1191
1240
1192
1241
1193
1242
1194
1243
1195
1244
1196
1245
1197
1246
1198
1247
1199
1248
1249
2122
1201
1250
1202
1251
1203
1252
1204
1253
1205
1254
1206
1255
1207
1256
1208
1257
1209
1258
1210
1259
1211
1260
1212
1261
1213
1262
1214
1263
1215
1264
1216
1265
1217
1266
1218
1267
1219
1268
1220
1269
1221
1270
1222
1271
1223
1272
1224
1273
1225
1274
1226
1275
1227
1276
1228
1277
1229
1278
1230
1279
1231
1280
1232
1281
1233
1282
1234
1283
1235
1284
1236
1285
1237
1286
1238
1287
1239
1288
1240
1289
1241
1290
1242
1291
1243
1292
1244
1293
1245
1294
1246
1295
1247
1296
1248
1297
1249
1298
1299
2136
1251
1300
1252
1301
1253
1302
1254
1303
1255
1304
1256
1305
1257
1306
1258
1307
1259
1308
1260
1309
1261
1310
1262
1311
1263
1312
1264
1313
1265
1314
1266
1315
1267
1316
1268
1317
1269
1318
1270
1319
1271
1320
1272
1321
1273
1322
1274
1323
1275
1324
1276
1325
1277
1326
1278
1327
1279
1328
1280
1329
1281
1330
1282
1331
1283
1332
1284
1333
1285
1334
1286
1335
1287
1336
1288
1337
1289
1338
1290
1339
1291
1340
1292
1341
1293
1342
1294
1343
1295
1344
1296
1345
1297
1346
1298
1347
1299
1348
1349
2150
1301
1350
1302
1351
1303
1352
1304
1353
1305
1354
1306
1355
1307
1356
1308
1357
1309
1358
1310
1359
1311
1360
1312
1361
1313
1362
1314
1363
1315
1364
1316
1365
1317
1366
1318
1367
1319
1368
1320
1369
1321
1370
1322
1371
1323
1372
1324
1373
1325
1374
1326
1375
1327
1376
1328
1377
1329
1378
1330
1379
1331
1380
1332
1381
1333
1382
1334
1383
1335
1384
1336
1385
1337
1386
1338
1387
1339
1388
1340
1389
1341
1390
1342
1391
1343
1392
1344
1393
1345
1394
1346
1395
1347
1396
1348
1397
1349
1398
1399
2164
1351
1400
1352
1401
1353
1402
1354
1403
1355
1404
1356
1405
1357
1406
1358
1407
1359
1408
1360
1409
1361
1410
1362
1411
1363
1412
1364
1413
1365
1414
1366
1415
1367
1416
1368
1417
1369
1418
1370
1419
1371
1420
1372
1421
1373
1422
1374
1423
1375
1424
1376
1425
1377
1426
1378
1427
1379
1428
1380
1429
1381
1430
1382
1431
1383
1432
1384
1433
1385
1434
1386
1435
1387
1436
1388
1437
1389
1438
1390
1439
1391
1440
1392
1441
1393
1442
1394
1443
1395
1444
1396
1445
1397
1446
1398
1447
1399
1448
1449
2178
1401
1450
1402
1451
1403
1452
1404
1453
1405
1454
1406
1455
1407
1456
1408
1457
1409
1458
1410
1459
1411
1460
1412
1461
1413
1462
1414
1463
1415
1464
1416
1465
1417
1466
1418
1467
1419
1468
1420
1469
1421
1470
1422
1471
1423
1472
1424
1473
1425
1474
1426
1475
1427
1476
1428
1477
1429
1478
1430
1479
1431
1480
1432
1481
1433
1482
1434
1483
1435
1484
1436
1485
1437
1486
1438
1487
1439
1488
1440
1489
1441
1490
1442
1491
1443
1492
1444
1493
1445
1494
1446
1495
1447
1496
1448
1497
1449
1498
1499
2192
1451
1500
1452
1501
1453
1502
1454
1503
1455
1504
1456
1505
1457
1506
1458
1507
1459
1508
1460
1509
1461
1510
1462
1511
1463
1512
1464
1513
1465
1514
1466
1515
1467
1516
1468
1517
1469
1518
1470
1519
1471
1520
1472
1521
1473
1522
1474
1523
1475
1524
1476
1525
1477
1526
1478
1527
1479
1528
1480
1529
1481
1530
1482
1531
1483
1532
1484
1533
1485
1534
1486
1535
1487
1536
1488
1537
1489
1538
1490
1539
1491
1540
1492
1541
1493
1542
1494
1543
1495
1544
1496
1545
1497
1546
1498
1547
1499
1548
1549
2206
1501
1550
1502
1551
1503
1552
1504
1553
1505
1554
1506
1555
1507
1556
1508
1557
1509
1558
1510
1559
1511
1560
1512
1561
1513
1562
1514
1563
1515
1564
1516
1565
1517
1566
1518
1567
1519
1568
1520
1569
1521
1570
1522
1571
1523
1572
1524
1573
1525
1574
1526
1575
1527
1576
1528
1577
1529
1578
1530
1579
1531
1580
1532
1581
1533
1582
1534
1583
1535
1584
1536
1585
1537
1586
1538
1587
1539
1588
1540
1589
1541
1590
1542
1591
1543
1592
1544
1593
1545
1594
1546
1595
1547
1596
1548
1597
1549
1598
1599
2220
1551
1600
1552
1601
1553
1602
1554
1603
1555
1604
1556
1605
1557
1606
1558
1607
1559
1608
1560
1609
1561
1610
1562
1611
1563
1612
1564
1613
1565
1614
1566
1615
1567
1616
1568
1617
1569
1618
1570
1619
1571
1620
1572
1621
1573
1622
1574
1623
1575
1624
1576
1625
1577
1626
1578
1627
1579
1628
1580
1629
1581
1630
1582
1631
1583
1632
1584
1633
1585
1634
1586
1635
1587
1636
1588
1637
1589
1638
1590
1639
1591
1640
1592
1641
1593
1642
1594
1643
1595
1644
1596
1645
1597
1646
1598
1647
1599
1648
1649
2234
1601
1650
1602
1651
1603
1652
1604
1653
1605
1654
1606
1655
1607
1656
1608
1657
1609
1658
1610
1659
1611
1660
1612
1661
1613
1662
1614
1663
1615
1664
1616
1665
1617
1666
1618
1667
1619
1668
1620
1669
1621
1670
1622
1671
1623
1672
1624
1673
1625
1674
1626
1675
1627
1676
1628
1677
1629
1678
1630
1679
1631
1680
1632
1681
1633
1682
1634
1683
1635
1684
1636
1685
1637
1686
1638
1687
1639
1688
1640
1689
1641
1690
1642
1691
1643
1692
1644
1693
1645
1694
1646
1695
1647
1696
1648
1697
1649
1698
1699
2248
1651
1700
1652
1701
1653
1702
1654
1703
1655
1704
1656
1705
1657
1706
1658
1707
1659
1708
1660
1709
1661
1710
1662
1711
1663
1712
1664
1713
1665
1714
1666
1715
1667
1716
1668
1717
1669
1718
1670
1719
1671
1720
1672
1721
1673
1722
1674
1723
1675
1724
1676
1725
1677
1726
1678
1727
1679
1728
1680
1729
1681
1730
1682
1731
1683
1732
1684
1733
1685
1734
1686
1735
1687
1736
1688
1737
1689
1738
1690
1739
1691
1740
1692
1741
1693
1742
1694
1743
1695
1744
1696
1745
1697
1746
1698
1747
1699
1748
1749
2262
1701
1750
1702
1751
1703
1752
1704
1753
1705
1754
1706
1755
1707
1756
1708
1757
1709
1758
1710
1759
1711
1760
1712
1761
1713
1762
1714
1763
1715
1764
1716
1765
1717
1766
1718
1767
1719
1768
1720
1769
1721
1770
1722
1771
1723
1772
1724
1773
1725
1774
1726
1775
1727
1776
1728
1777
1729
1778
1730
1779
1731
1780
1732
1781
1733
1782
1734
1783
1735
1784
1736
1785
1737
1786
1738
1787
1739
1788
1740
1789
1741
1790
1742
1791
1743
1792
1744
1793
1745
1794
1746
1795
1747
1796
1748
1797
1749
1798
1799
2276
1751
1752
1753
1754
1755
1756
1757
1758
1759
1760
1761
1762
1763
1764
1765
1766
1767
1768
1769
1770
1771
1772
1773
1774
1775
1776
1777
1778
1779
1780
1781
1782
1783
1784
1785
1786
1787
1788
1789
1790
1791
1792
1793
1794
1795
1796
1797
1798
1799
2290
1801
1814
5458
1802
1815
5459
1803
1816
5460
1804
1817
5461
1805
1818
5462
1806
1819
5463
1807
1820
5464
1808
1821
5465
1809
1822
5466
1810
1823
5467
1811
1824
5468
1812
1825
5469
1813
1826
5470
1827
2304
5471
1815
1828
1816
1829
1817
1830
1818
1831
1819
1832
1820
1833
1821
1834
1822
1835
1823
1836
1824
1837
1825
1838
1826
1839
1827
1840
1841
2328
1829
1842
1830
1843
1831
1844
1832
1845
1833
1846
1834
1847
1835
1848
1836
1849
1837
1850
1838
1851
1839
1852
1840
1853
1841
1854
1855
2352
1843
1856
1844
1857
1845
1858
1846
1859
1847
1860
1848
1861
1849
1862
1850
1863
1851
1864
1852
1865
1853
1866
1854
1867
1855
1868
1869
2376
1857
1870
1858
1871
1859
1872
1860
1873
1861
1874
1862
1875
1863
1876
1864
1877
1865
1878
1866
1879
1867
1880
1868
1881
1869
1882
1883
2400
1871
1884
1872
1885
1873
1886
1874
1887
1875
1888
1876
1889
1877
1890
1878
1891
1879
1892
1880
1893
1881
1894
1882
1895
1883
1896
1897
2424
1885
1898
1886
1899
1887
1900
1888
1901
1889
1902
1890
1903
1891
1904
1892
1905
1893
1906
1894
1907
1895
1908
1896
1909
1897
1910
1911
2448
1899
1912
1900
1913
1901
1914
1902
1915
1903
1916
1904
1917
1905
1918
1906
1919
1907
1920
1908
1921
1909
1922
1910
1923
1911
1924
1925
2472
1913
1926
1914
1927
1915
1928
1916
1929
1917
1930
1918
1931
1919
1932
1920
1933
1921
1934
1922
1935
1923
1936
1924
1937
1925
1938
1939
2496
1927
1940
1928
1941
1929
1942
1930
1943
1931
1944
1932
1945
1933
1946
1934
1947
1935
1948
1936
1949
1937
1950
1938
1951
1939
1952
1953
2520
1941
1954
1942
1955
1943
1956
1944
1957
1945
1958
1946
1959
1947
1960
1948
1961
1949
1962
1950
1963
1951
1964
1952
1965
1953
1966
1967
2544
1955
1968
1956
1969
1957
1970
1958
1971
1959
1972
1960
1973
1961
1974
1962
1975
1963
1976
1964
1977
1965
1978
1966
1979
1967
1980
1981
2568
1969
1982
1970
1983
1971
1984
1972
1985
1973
1986
1974
1987
1975
1988
1976
1989
1977
1990
1978
1991
1979
1992
1980
1993
1981
1994
1995
2592
1983
1996
1984
1997
1985
1998
1986
1999
1987
2000
1988
2001
1989
2002
1990
2003
1991
2004
1992
2005
1993
2006
1994
2007
1995
2008
2009
2616
1997
2010
1998
2011
1999
2012
2000
2013
2001
2014
2002
2015
2003
2016
2004
2017
2005
2018
2006
2019
2007
2020
2008
2021
2009
2022
2023
2640
2011
2024
2012
2025
2013
2026
2014
2027
2015
2028
2016
2029
2017
2030
2018
2031
2019
2032
2020
2033
2021
2034
2022
2035
2023
2036
2037
2664
2025
2038
2026
2039
2027
2040
2028
2041
2029
2042
2030
2043
2031
2044
2032
2045
2033
2046
2034
2047
2035
2048
2036
2049
2037
2050
2051
2688
2039
2052
2040
2053
2041
2054
2042
2055
2043
2056
2044
2057
2045
2058
2046
2059
2047
2060
2048
2061
2049
2062
2050
2063
2051
2064
2065
2712
2053
2066
2054
2067
2055
2068
2056
2069
2057
2070
2058
2071
2059
2072
2060
2073
2061
2074
2062
2075
2063
2076
2064
2077
2065
2078
2079
2736
2067
2080
2068
2081
2069
2082
2070
2083
2071
2084
2072
2085
2073
2086
2074
2087
2075
2088
2076
2089
2077
2090
2078
2091
2079
2092
2093
2760
2081
2094
2082
2095
2083
2096
2084
2097
2085
2098
2086
2099
2087
2100
2088
2101
2089
2102
2090
2103
2091
2104
2092
2105
2093
2106
2107
2784
2095
2108
2096
2109
2097
2110
2098
2111
2099
2112
2100
2113
2101
2114
2102
2115
2103
2116
2104
2117
2105
2118
2106
2119
2107
2120
2121
2808
2109
2122
2110
2123
2111
2124
2112
2125
2113
2126
2114
2127
2115
2128
2116
2129
2117
2130
2118
2131
2119
2132
2120
2133
2121
2134
2135
2832
2123
2136
2124
2137
2125
2138
2126
2139
2127
2140
2128
2141
2129
2142
2130
2143
2131
2144
2132
2145
2133
2146
2134
2147
2135
2148
2149
2856
2137
2150
2138
2151
2139
2152
2140
2153
2141
2154
2142
2155
2143
2156
2144
2157
2145
2158
2146
2159
2147
2160
2148
2161
2149
2162
2163
2880
2151
2164
2152
2165
2153
2166
2154
2167
2155
2168
2156
2169
2157
2170
2158
2171
2159
2172
2160
2173
2161
2174
2162
2175
2163
2176
2177
2904
2165
2178
2166
2179
2167
2180
2168
2181
2169
2182
2170
2183
2171
2184
2172
2185
2173
2186
2174
2187
2175
2188
2176
2189
2177
2190
2191
2928
2179
2192
2180
2193
2181
2194
2182
2195
2183
2196
2184
2197
2185
2198
2186
2199
2187
2200
2188
2201
2189
2202
2190
2203
2191
2204
2205
2952
2193
2206
2194
2207
2195
2208
2196
2209
2197
2210
2198
2211
2199
2212
2200
2213
2201
2214
2202
2215
2203
2216
2204
2217
2205
2218
2219
2976
2207
2220
2208
2221
2209
2222
2210
2223
2211
2224
2212
2225
2213
2226
2214
2227
2215
2228
2216
2229
2217
2230
2218
2231
2219
2232
2233
3000
2221
2234
2222
2235
2223
2236
2224
2237
2225
2238
2226
2239
2227
2240
2228
2241
2229
2242
2230
2243
2231
2244
2232
2245
2233
2246
2247
3024
2235
2248
2236
2249
2237
2250
2238
2251
2239
2252
2240
2253
2241
2254
2242
2255
2243
2256
2244
2257
2245
2258
2246
2259
2247
2260
2261
3048
2249
2262
2250
2263
2251
2264
2252
2265
2253
2266
2254
2267
2255
2268
2256
2269
2257
2270
2258
2271
2259
2272
2260
2273
2261
2274
2275
3072
2263
2276
2264
2277
2265
2278
2266
2279
2267
2280
2268
2281
2269
2282
2270
2283
2271
2284
2272
2285
2273
2286
2274
2287
2275
2288
2289
3096
2277
2290
2278
2291
2279
2292
2280
2293
2281
2294
2282
2295
2283
2296
2284
2297
2285
2298
2286
2299
2287
2300
2288
2301
2289
2302
2303
3120
2291
2292
2293
2294
2295
2296
2297
2298
2299
2300
2301
2302
2303
3144
2305
2328
6312
2306
2329
6313
2307
2330
6314
2308
2331
6315
2309
2332
6316
2310
2333
6317
2311
2334
6318
2312
2335
6319
2313
2336
6320
2314
2337
6321
2315
2338
6322
2316
2339
6323
2317
2340
6324
2318
2341
6325
2319
2342
6326
2320
2343
6327
2321
2344
6328
2322
2345
6329
2323
2346
6330
2324
2347
6331
2325
2348
6332
2326
2349
6333
2327
2350
6334
2351
6335
2329
2352
2330
2353
2331
2354
2332
2355
2333
2356
2334
2357
2335
2358
2336
2359
2337
2360
2338
2361
2339
2362
2340
2363
2341
2364
2342
2365
2343
2366
2344
2367
2345
2368
2346
2369
2347
2370
2348
2371
2349
2372
2350
2373
2351
2374
2375
2353
2376
2354
2377
2355
2378
2356
2379
2357
2380
2358
2381
2359
2382
2360
2383
2361
2384
2362
2385
2363
2386
2364
2387
2365
2388
2366
2389
2367
2390
2368
2391
2369
2392
2370
2393
2371
2394
2372
2395
2373
2396
2374
2397
2375
2398
2399
2377
2400
2378
2401
2379
2402
2380
2403
2381
2404
2382
2405
2383
2406
2384
2407
2385
2408
2386
2409
2387
2410
2388
2411
2389
2412
2390
2413
2391
2414
2392
2415
2393
2416
2394
2417
2395
2418
2396
2419
2397
2420
2398
2421
2399
2422
2423
2401
2424
2402
2425
2403
2426
2404
2427
2405
2428
2406
2429
2407
2430
2408
2431
2409
2432
2410
2433
2411
2434
2412
2435
2413
2436
2414
2437
2415
2438
2416
2439
2417
2440
2418
2441
2419
2442
2420
2443
2421
2444
2422
2445
2423
2446
2447
2425
2448
2426
2449
2427
2450
2428
2451
2429
2452
2430
2453
2431
2454
2432
2455
2433
2456
2434
2457
2435
2458
2436
2459
2437
2460
2438
2461
2439
2462
2440
2463
2441
2464
2442
2465
2443
2466
2444
2467
2445
2468
2446
2469
2447
2470
2471
2449
2472
2450
2473
2451
2474
2452
2475
2453
2476
2454
2477
2455
2478
2456
2479
2457
2480
2458
2481
2459
2482
2460
2483
2461
2484
2462
2485
2463
2486
2464
2487
2465
2488
2466
2489
2467
2490
2468
2491
2469
2492
2470
2493
2471
2494
2495
2473
2496
2474
2497
2475
2498
2476
2499
2477
2500
2478
2501
2479
2502
2480
2503
2481
2504
2482
2505
2483
2506
2484
2507
2485
2508
2486
2509
2487
2510
2488
2511
2489
2512
2490
2513
2491
2514
2492
2515
2493
2516
2494
2517
2495
2518
2519
2497
2520
2498
2521
2499
2522
2500
2523
2501
2524
2502
2525
2503
2526
2504
2527
2505
2528
2506
2529
2507
2530
2508
2531
2509
2532
2510
2533
2511
2534
2512
2535
2513
2536
2514
2537
2515
2538
2516
2539
2517
2540
2518
2541
2519
2542
2543
2521
2544
2522
2545
2523
2546
2524
2547
2525
2548
2526
2549
2527
2550
2528
2551
2529
2552
2530
2553
2531
2554
2532
2555
2533
2556
2534
2557
2535
2558
2536
2559
2537
2560
2538
2561
2539
2562
2540
2563
2541
2564
2542
2565
2543
2566
2567
2545
2568
2546
2569
2547
2570
2548
2571
2549
2572
2550
2573
2551
2574
2552
2575
2553
2576
2554
2577
2555
2578
2556
2579
2557
2580
2558
2581
2559
2582
2560
2583
2561
2584
2562
2585
2563
2586
2564
2587
2565
2588
2566
2589
2567
2590
2591
2569
2592
2570
2593
2571
2594
2572
2595
2573
2596
2574
2597
2575
2598
2576
2599
2577
2600
2578
2601
2579
2602
2580
2603
2581
2604
2582
2605
2583
2606
2584
2607
2585
2608
2586
2609
2587
2610
2588
2611
2589
2612
2590
2613
2591
2614
2615
2593
2616
2594
2617
2595
2618
2596
2619
2597
2620
2598
2621
2599
2622
2600
2623
2601
2624
2602
2625
2603
2626
2604
2627
2605
2628
2606
2629
2607
2630
2608
2631
2609
2632
2610
2633
2611
2634
2612
2635
2613
2636
2614
2637
2615
2638
2639
2617
2640
2618
2641
2619
2642
2620
2643
2621
2644
2622
2645
2623
2646
2624
2647
2625
2648
2626
2649
2627
2650
2628
2651
2629
2652
2630
2653
2631
2654
2632
2655
2633
2656
2634
2657
2635
2658
2636
2659
2637
2660
2638
2661
2639
2662
2663
2641
2664
2642
2665
2643
2666
2644
2667
2645
2668
2646
2669
2647
2670
2648
2671
2649
2672
2650
2673
2651
2674
2652
2675
2653
2676
2654
2677
2655
2678
2656
2679
2657
2680
2658
2681
2659
2682
2660
2683
2661
2684
2662
2685
2663
2686
2687
2665
2688
2666
2689
2667
2690
2668
2691
2669
2692
2670
2693
2671
2694
2672
2695
2673
2696
2674
2697
2675
2698
2676
2699
2677
2700
2678
2701
2679
2702
2680
2703
2681
2704
2682
2705
2683
2706
2684
2707
2685
2708
2686
2709
2687
2710
2711
2689
2712
2690
2713
2691
2714
2692
2715
2693
2716
2694
2717
2695
2718
2696
2719
2697
2720
2698
2721
2699
2722
2700
2723
2701
2724
2702
2725
2703
2726
2704
2727
2705
2728
2706
2729
2707
2730
2708
2731
2709
2732
2710
2733
2711
2734
2735
2713
2736
2714
2737
2715
2738
2716
2739
2717
2740
2718
2741
2719
2742
2720
2743
2721
2744
2722
2745
2723
2746
2724
2747
2725
2748
2726
2749
2727
2750
2728
2751
2729
2752
2730
2753
2731
2754
2732
2755
2733
2756
2734
2757
2735
2758
2759
2737
2760
2738
2761
2739
2762
2740
2763
2741
2764
2742
2765
2743
2766
2744
2767
2745
2768
2746
2769
2747
2770
2748
2771
2749
2772
2750
2773
2751
2774
2752
2775
2753
2776
2754
2777
2755
2778
2756
2779
2757
2780
2758
2781
2759
2782
2783
2761
2784
2762
2785
2763
2786
2764
2787
2765
2788
2766
2789
2767
2790
2768
2791
2769
2792
2770
2793
2771
2794
2772
2795
2773
2796
2774
2797
2775
2798
2776
2799
2777
2800
2778
2801
2779
2802
2780
2803
2781
2804
2782
2805
2783
2806
2807
2785
2808
2786
2809
2787
2810
2788
2811
2789
2812
2790
2813
2791
2814
2792
2815
2793
2816
2794
2817
2795
2818
2796
2819
2797
2820
2798
2821
2799
2822
2800
2823
2801
2824
2802
2825
2803
2826
2804
2827
2805
2828
2806
2829
2807
2830
2831
2809
2832
2810
2833
2811
2834
2812
2835
2813
2836
2814
2837
2815
2838
2816
2839
2817
2840
2818
2841
2819
2842
2820
2843
2821
2844
2822
2845
2823
2846
2824
2847
2825
2848
2826
2849
2827
2850
2828
2851
2829
2852
2830
2853
2831
2854
2855
2833
2856
2834
2857
2835
2858
2836
2859
2837
2860
2838
2861
2839
2862
2840
2863
2841
2864
2842
2865
2843
2866
2844
2867
2845
2868
2846
2869
2847
2870
2848
2871
2849
2872
2850
2873
2851
2874
2852
2875
2853
2876
2854
2877
2855
2878
2879
2857
2880
2858
2881
2859
2882
2860
2883
2861
2884
2862
2885
2863
2886
2864
2887
2865
2888
2866
2889
2867
2890
2868
2891
2869
2892
2870
2893
2871
2894
2872
2895
2873
2896
2874
2897
2875
2898
2876
2899
2877
2900
2878
2901
2879
2902
2903
2881
2904
2882
2905
2883
2906
2884
2907
2885
2908
2886
2909
2887
2910
2888
2911
2889
2912
2890
2913
2891
2914
2892
2915
2893
2916
2894
2917
2895
2918
2896
2919
2897
2920
2898
2921
2899
2922
2900
2923
2901
2924
2902
2925
2903
2926
2927
2905
2928
2906
2929
2907
2930
2908
2931
2909
2932
2910
2933
2911
2934
2912
2935
2913
2936
2914
2937
2915
2938
2916
2939
2917
2940
2918
2941
2919
2942
2920
2943
2921
2944
2922
2945
2923
2946
2924
2947
2925
2948
2926
2949
2927
2950
2951
2929
2952
2930
2953
2931
2954
2932
2955
2933
2956
2934
2957
2935
2958
2936
2959
2937
2960
2938
2961
2939
2962
2940
2963
2941
2964
2942
2965
2943
2966
2944
2967
2945
2968
2946
2969
2947
2970
2948
2971
2949
2972
2950
2973
2951
2974
2975
2953
2976
2954
2977
2955
2978
2956
2979
2957
2980
2958
2981
2959
2982
2960
2983
2961
2984
2962
2985
2963
2986
2964
2987
2965
2988
2966
2989
2967
2990
2968
2991
2969
2992
2970
2993
2971
2994
2972
2995
2973
2996
2974
2997
2975
2998
2999
2977
3000
2978
3001
2979
3002
2980
3003
2981
3004
2982
3005
2983
3006
2984
3007
2985
3008
2986
3009
2987
3010
2988
3011
2989
3012
2990
3013
2991
3014
2992
3015
2993
3016
2994
3017
2995
3018
2996
3019
2997
3020
2998
3021
2999
3022
3023
3001
3024
3002
3025
3003
3026
3004
3027
3005
3028
3006
3029
3007
3030
3008
3031
3009
3032
3010
3033
3011
3034
3012
3035
3013
3036
3014
3037
3015
3038
3016
3039
3017
3040
3018
3041
3019
3042
3020
3043
3021
3044
3022
3045
3023
3046
3047
3025
3048
3026
3049
3027
3050
3028
3051
3029
3052
3030
3053
3031
3054
3032
3055
3033
3056
3034
3057
3035
3058
3036
3059
3037
3060
3038
3061
3039
3062
3040
3063
3041
3064
3042
3065
3043
3066
3044
3067
3045
3068
3046
3069
3047
3070
3071
3049
3072
3050
3073
3051
3074
3052
3075
3053
3076
3054
3077
3055
3078
3056
3079
3057
3080
3058
3081
3059
3082
3060
3083
3061
3084
3062
3085
3063
3086
3064
3087
3065
3088
3066
3089
3067
3090
3068
3091
3069
3092
3070
3093
3071
3094
3095
3073
3096
3074
3097
3075
3098
3076
3099
3077
3100
3078
3101
3079
3102
3080
3103
3081
3104
3082
3105
3083
3106
3084
3107
3085
3108
3086
3109
3087
3110
3088
3111
3089
3112
3090
3113
3091
3114
3092
3115
3093
3116
3094
3117
3095
3118
3119
3097
3120
3098
3121
3099
3122
3100
3123
3101
3124
3102
3125
3103
3126
3104
3127
3105
3128
3106
3129
3107
3130
3108
3131
3109
3132
3110
3133
3111
3134
3112
3135
3113
3136
3114
3137
3115
3138
3116
3139
3117
3140
3118
3141
3119
3142
3143
3121
3144
3122
3145
3123
3146
3124
3147
3125
3148
3126
3149
3127
3150
3128
3151
3129
3152
3130
3153
3131
3154
3132
3155
3133
3156
3134
3157
3135
3158
3136
3159
3137
3160
3138
3161
3139
3162
3140
3163
3141
3164
3142
3165
3143
3166
3167
3145
3146
3147
3148
3149
3150
3151
3152
3153
3154
3155
3156
3157
3158
3159
3160
3161
3162
3163
3164
3165
3166
3167
3169
3218
3170
3219
3171
3220
3172
3221
3173
3222
3174
3223
3175
3224
3176
3225
3177
3226
3178
3227
3179
3228
3180
3229
3181
3230
3182
3231
3183
3232
3184
3233
3185
3234
3186
3235
3187
3236
3188
3237
3189
3238
3190
3239
3191
3240
3192
3241
3193
3242
3194
3243
3195
3244
3196
3245
3197
3246
3198
3247
3199
3248
3200
3249
3201
3250
3202
3251
3203
3252
3204
3253
3205
3254
3206
3255
3207
3256
3208
3257
3209
3258
3210
3259
3211
3260
3212
3261
3213
3262
3214
3263
3215
3264
3216
3265
3217
3266
3267
4968
3219
3268
3220
3269
3221
3270
3222
3271
3223
3272
3224
3273
3225
3274
3226
3275
3227
3276
3228
3277
3229
3278
3230
3279
3231
3280
3232
3281
3233
3282
3234
3283
3235
3284
3236
3285
3237
3286
3238
3287
3239
3288
3240
3289
3241
3290
3242
3291
3243
3292
3244
3293
3245
3294
3246
3295
3247
3296
3248
3297
3249
3298
3250
3299
3251
3300
3252
3301
3253
3302
3254
3303
3255
3304
3256
3305
3257
3306
3258
3307
3259
3308
3260
3309
3261
3310
3262
3311
3263
3312
3264
3313
3265
3314
3266
3315
3267
3316
3317
4982
3269
3318
3270
3319
3271
3320
3272
3321
3273
3322
3274
3323
3275
3324
3276
3325
3277
3326
3278
3327
3279
3328
3280
3329
3281
3330
3282
3331
3283
3332
3284
3333
3285
3334
3286
3335
3287
3336
3288
3337
3289
3338
3290
3339
3291
3340
3292
3341
3293
3342
3294
3343
3295
3344
3296
3345
3297
3346
3298
3347
3299
3348
3300
3349
3301
3350
3302
3351
3303
3352
3304
3353
3305
3354
3306
3355
3307
3356
3308
3357
3309
3358
3310
3359
3311
3360
3312
3361
3313
3362
3314
3363
3315
3364
3316
3365
3317
3366
3367
4996
3319
3368
3320
3369
3321
3370
3322
3371
3323
3372
3324
3373
3325
3374
3326
3375
3327
3376
3328
3377
3329
3378
3330
3379
3331
3380
3332
3381
3333
3382
3334
3383
3335
3384
3336
3385
3337
3386
3338
3387
3339
3388
3340
3389
3341
3390
3342
3391
3343
3392
3344
3393
3345
3394
3346
3395
3347
3396
3348
3397
3349
3398
3350
3399
3351
3400
3352
3401
3353
3402
3354
3403
3355
3404
3356
3405
3357
3406
3358
3407
3359
3408
3360
3409
3361
3410
3362
3411
3363
3412
3364
3413
3365
3414
3366
3415
3367
3416
3417
5010
3369
3418
3370
3419
3371
3420
3372
3421
3373
3422
3374
3423
3375
3424
3376
3425
3377
3426
3378
3427
3379
3428
3380
3429
3381
3430
3382
3431
3383
3432
3384
3433
3385
3434
3386
3435
3387
3436
3388
3437
3389
3438
3390
3439
3391
3440
3392
3441
3393
3442
3394
3443
3395
3444
3396
3445
3397
3446
3398
3447
3399
3448
3400
3449
3401
3450
3402
3451
3403
3452
3404
3453
3405
3454
3406
3455
3407
3456
3408
3457
3409
3458
3410
3459
3411
3460
3412
3461
3413
3462
3414
3463
3415
3464
3416
3465
3417
3466
3467
5024
3419
3468
3420
3469
3421
3470
3422
3471
3423
3472
3424
3473
3425
3474
3426
3475
3427
3476
3428
3477
3429
3478
3430
3479
3431
3480
3432
3481
3433
3482
3434
3483
3435
3484
3436
3485
3437
3486
3438
3487
3439
3488
3440
3489
3441
3490
3442
3491
3443
3492
3444
3493
3445
3494
3446
3495
3447
3496
3448
3497
3449
3498
3450
3499
3451
3500
3452
3501
3453
3502
3454
3503
3455
3504
3456
3505
3457
3506
3458
3507
3459
3508
3460
3509
3461
3510
3462
3511
3463
3512
3464
3513
3465
3514
3466
3515
3467
3516
3517
5038
3469
3518
3470
3519
3471
3520
3472
3521
3473
3522
3474
3523
3475
3524
3476
3525
3477
3526
3478
3527
3479
3528
3480
3529
3481
3530
3482
3531
3483
3532
3484
3533
3485
3534
3486
3535
3487
3536
3488
3537
3489
3538
3490
3539
3491
3540
3492
3541
3493
3542
3494
3543
3495
3544
3496
3545
3497
3546
3498
3547
3499
3548
3500
3549
3501
3550
3502
3551
3503
3552
3504
3553
3505
3554
3506
3555
3507
3556
3508
3557
3509
3558
3510
3559
3511
3560
3512
3561
3513
3562
3514
3563
3515
3564
3516
3565
3517
3566
3567
5052
3519
3568
3520
3569
3521
3570
3522
3571
3523
3572
3524
3573
3525
3574
3526
3575
3527
3576
3528
3577
3529
3578
3530
3579
3531
3580
3532
3581
3533
3582
3534
3583
3535
3584
3536
3585
3537
3586
3538
3587
3539
3588
3540
3589
3541
3590
3542
3591
3543
3592
3544
3593
3545
3594
3546
3595
3547
3596
3548
3597
3549
3598
3550
3599
3551
3600
3552
3601
3553
3602
3554
3603
3555
3604
3556
3605
3557
3606
3558
3607
3559
3608
3560
3609
3561
3610
3562
3611
3563
3612
3564
3613
3565
3614
3566
3615
3567
3616
3617
5066
3569
3618
3570
3619
3571
3620
3572
3621
3573
3622
3574
3623
3575
3624
3576
3625
3577
3626
3578
3627
3579
3628
3580
3629
3581
3630
3582
3631
3583
3632
3584
3633
3585
3634
3586
3635
3587
3636
3588
3637
3589
3638
3590
3639
3591
3640
3592
3641
3593
3642
3594
3643
3595
3644
3596
3645
3597
3646
3598
3647
3599
3648
3600
3649
3601
3650
3602
3651
3603
3652
3604
3653
3605
3654
3606
3655
3607
3656
3608
3657
3609
3658
3610
3659
3611
3660
3612
3661
3613
3662
3614
3663
3615
3664
3616
3665
3617
3666
3667
5080
3619
3668
3620
3669
3621
3670
3622
3671
3623
3672
3624
3673
3625
3674
3626
3675
3627
3676
3628
3677
3629
3678
3630
3679
3631
3680
3632
3681
3633
3682
3634
3683
3635
3684
3636
3685
3637
3686
3638
3687
3639
3688
3640
3689
3641
3690
3642
3691
3643
3692
3644
3693
3645
3694
3646
3695
3647
3696
3648
3697
3649
3698
3650
3699
3651
3700
3652
3701
3653
3702
3654
3703
3655
3704
3656
3705
3657
3706
3658
3707
3659
3708
3660
3709
3661
3710
3662
3711
3663
3712
3664
3713
3665
3714
3666
3715
3667
3716
3717
5094
3669
3718
3670
3719
3671
3720
3672
3721
3673
3722
3674
3723
3675
3724
3676
3725
3677
3726
3678
3727
3679
3728
3680
3729
3681
3730
3682
3731
3683
3732
3684
3733
3685
3734
3686
3735
3687
3736
3688
3737
3689
3738
3690
3739
3691
3740
3692
3741
3693
3742
3694
3743
3695
3744
3696
3745
3697
3746
3698
3747
3699
3748
3700
3749
3701
3750
3702
3751
3703
3752
3704
3753
3705
3754
3706
3755
3707
3756
3708
3757
3709
3758
3710
3759
3711
3760
3712
3761
3713
3762
3714
3763
3715
3764
3716
3765
3717
3766
3767
5108
3719
3768
3720
3769
3721
3770
3722
3771
3723
3772
3724
3773
3725
3774
3726
3775
3727
3776
3728
3777
3729
3778
3730
3779
3731
3780
3732
3781
3733
3782
3734
3783
3735
3784
3736
3785
3737
3786
3738
3787
3739
3788
3740
3789
3741
3790
3742
3791
3743
3792
3744
3793
3745
3794
3746
3795
3747
3796
3748
3797
3749
3798
3750
3799
3751
3800
3752
3801
3753
3802
3754
3803
3755
3804
3756
3805
3757
3806
3758
3807
3759
3808
3760
3809
3761
3810
3762
3811
3763
3812
3764
3813
3765
3814
3766
3815
3767
3816
3817
5122
3769
3818
3770
3819
3771
3820
3772
3821
3773
3822
3774
3823
3775
3824
3776
3825
3777
3826
3778
3827
3779
3828
3780
3829
3781
3830
3782
3831
3783
3832
3784
3833
3785
3834
3786
3835
3787
3836
3788
3837
3789
3838
3790
3839
3791
3840
3792
3841
3793
3842
3794
3843
3795
3844
3796
3845
3797
3846
3798
3847
3799
3848
3800
3849
3801
3850
3802
3851
3803
3852
3804
3853
3805
3854
3806
3855
3807
3856
3808
3857
3809
3858
3810
3859
3811
3860
3812
3861
3813
3862
3814
3863
3815
3864
3816
3865
3817
3866
3867
5136
3819
3868
3820
3869
3821
3870
3822
3871
3823
3872
3824
3873
3825
3874
3826
3875
3827
3876
3828
3877
3829
3878
3830
3879
3831
3880
3832
3881
3833
3882
3834
3883
3835
3884
3836
3885
3837
3886
3838
3887
3839
3888
3840
3889
3841
3890
3842
3891
3843
3892
3844
3893
3845
3894
3846
3895
3847
3896
3848
3897
3849
3898
3850
3899
3851
3900
3852
3901
3853
3902
3854
3903
3855
3904
3856
3905
3857
3906
3858
3907
3859
3908
3860
3909
3861
3910
3862
3911
3863
3912
3864
3913
3865
3914
3866
3915
3867
3916
3917
5150
3869
3918
3870
3919
3871
3920
3872
3921
3873
3922
3874
3923
3875
3924
3876
3925
3877
3926
3878
3927
3879
3928
3880
3929
3881
3930
3882
3931
3883
3932
3884
3933
3885
3934
3886
3935
3887
3936
3888
3937
3889
3938
3890
3939
3891
3940
3892
3941
3893
3942
3894
3943
3895
3944
3896
3945
3897
3946
3898
3947
3899
3948
3900
3949
3901
3950
3902
3951
3903
3952
3904
3953
3905
3954
3906
3955
3907
3956
3908
3957
3909
3958
3910
3959
3911
3960
3912
3961
3913
3962
3914
3963
3915
3964
3916
3965
3917
3966
3967
5164
3919
3968
3920
3969
3921
3970
3922
3971
3923
3972
3924
3973
3925
3974
3926
3975
3927
3976
3928
3977
3929
3978
3930
3979
3931
3980
3932
3981
3933
3982
3934
3983
3935
3984
3936
3985
3937
3986
3938
3987
3939
3988
3940
3989
3941
3990
3942
3991
3943
3992
3944
3993
3945
3994
3946
3995
3947
3996
3948
3997
3949
3998
3950
3999
3951
4000
3952
4001
3953
4002
3954
4003
3955
4004
3956
4005
3957
4006
3958
4007
3959
4008
3960
4009
3961
4010
3962
4011
3963
4012
3964
4013
3965
4014
3966
4015
3967
4016
4017
5178
3969
4018
3970
4019
3971
4020
3972
4021
3973
4022
3974
4023
3975
4024
3976
4025
3977
4026
3978
4027
3979
4028
3980
4029
3981
4030
3982
4031
3983
4032
3984
4033
3985
4034
3986
4035
3987
4036
3988
4037
3989
4038
3990
4039
3991
4040
3992
4041
3993
4042
3994
4043
3995
4044
3996
4045
3997
4046
3998
4047
3999
4048
4000
4049
4001
4050
4002
4051
4003
4052
4004
4053
4005
4054
4006
4055
4007
4056
4008
4057
4009
4058
4010
4059
4011
4060
4012
4061
4013
4062
4014
4063
4015
4064
4016
4065
4017
4066
4067
5192
4019
4068
4020
4069
4021
4070
4022
4071
4023
4072
4024
4073
4025
4074
4026
4075
4027
4076
4028
4077
4029
4078
4030
4079
4031
4080
4032
4081
4033
4082
4034
4083
4035
4084
4036
4085
4037
4086
4038
4087
4039
4088
4040
4089
4041
4090
4042
4091
4043
4092
4044
4093
4045
4094
4046
4095
4047
4096
4048
4097
4049
4098
4050
4099
4051
4100
4052
4101
4053
4102
4054
4103
4055
4104
4056
4105
4057
4106
4058
4107
4059
4108
4060
4109
4061
4110
4062
4111
4063
4112
4064
4113
4065
4114
4066
4115
4067
4116
4117
5206
4069
4118
4070
4119
4071
4120
4072
4121
4073
4122
4074
4123
4075
4124
4076
4125
4077
4126
4078
4127
4079
4128
4080
4129
4081
4130
4082
4131
4083
4132
4084
4133
4085
4134
4086
4135
4087
4136
4088
4137
4089
4138
4090
4139
4091
4140
4092
4141
4093
4142
4094
4143
4095
4144
4096
4145
4097
4146
4098
4147
4099
4148
4100
4149
4101
4150
4102
4151
4103
4152
4104
4153
4105
4154
4106
4155
4107
4156
4108
4157
4109
4158
4110
4159
4111
4160
4112
4161
4113
4162
4114
4163
4115
4164
4116
4165
4117
4166
4167
5220
4119
4168
4120
4169
4121
4170
4122
4171
4123
4172
4124
4173
4125
4174
4126
4175
4127
4176
4128
4177
4129
4178
4130
4179
4131
4180
4132
4181
4133
4182
4134
4183
4135
4184
4136
4185
4137
4186
4138
4187
4139
4188
4140
4189
4141
4190
4142
4191
4143
4192
4144
4193
4145
4194
4146
4195
4147
4196
4148
4197
4149
4198
4150
4199
4151
4200
4152
4201
4153
4202
4154
4203
4155
4204
4156
4205
4157
4206
4158
4207
4159
4208
4160
4209
4161
4210
4162
4211
4163
4212
4164
4213
4165
4214
4166
4215
4167
4216
4217
5234
4169
4218
4170
4219
4171
4220
4172
4221
4173
4222
4174
4223
4175
4224
4176
4225
4177
4226
4178
4227
4179
4228
4180
4229
4181
4230
4182
4231
4183
4232
4184
4233
4185
4234
4186
4235
4187
4236
4188
4237
4189
4238
4190
4239
4191
4240
4192
4241
4193
4242
4194
4243
4195
4244
4196
4245
4197
4246
4198
4247
4199
4248
4200
4249
4201
4250
4202
4251
4203
4252
4204
4253
4205
4254
4206
4255
4207
4256
4208
4257
4209
4258
4210
4259
4211
4260
4212
4261
4213
4262
4214
4263
4215
4264
4216
4265
4217
4266
4267
5248
4219
4268
4220
4269
4221
4270
4222
4271
4223
4272
4224
4273
4225
4274
4226
4275
4227
4276
4228
4277
4229
4278
4230
4279
4231
4280
4232
4281
4233
4282
4234
4283
4235
4284
4236
4285
4237
4286
4238
4287
4239
4288
4240
4289
4241
4290
4242
4291
4243
4292
4244
4293
4245
4294
4246
4295
4247
4296
4248
4297
4249
4298
4250
4299
4251
4300
4252
4301
4253
4302
4254
4303
4255
4304
4256
4305
4257
4306
4258
4307
4259
4308
4260
4309
4261
4310
4262
4311
4263
4312
4264
4313
4265
4314
4266
4315
4267
4316
4317
5262
4269
4318
4270
4319
4271
4320
4272
4321
4273
4322
4274
4323
4275
4324
4276
4325
4277
4326
4278
4327
4279
4328
4280
4329
4281
4330
4282
4331
4283
4332
4284
4333
4285
4334
4286
4335
4287
4336
4288
4337
4289
4338
4290
4339
4291
4340
4292
4341
4293
4342
4294
4343
4295
4344
4296
4345
4297
4346
4298
4347
4299
4348
4300
4349
4301
4350
4302
4351
4303
4352
4304
4353
4305
4354
4306
4355
4307
4356
4308
4357
4309
4358
4310
4359
4311
4360
4312
4361
4313
4362
4314
4363
4315
4364
4316
4365
4317
4366
4367
5276
4319
4368
4320
4369
4321
4370
4322
4371
4323
4372
4324
4373
4325
4374
4326
4375
4327
4376
4328
4377
4329
4378
4330
4379
4331
4380
4332
4381
4333
4382
4334
4383
4335
4384
4336
4385
4337
4386
4338
4387
4339
4388
4340
4389
4341
4390
4342
4391
4343
4392
4344
4393
4345
4394
4346
4395
4347
4396
4348
4397
4349
4398
4350
4399
4351
4400
4352
4401
4353
4402
4354
4403
4355
4404
4356
4405
4357
4406
4358
4407
4359
4408
4360
4409
4361
4410
4362
4411
4363
4412
4364
4413
4365
4414
4366
4415
4367
4416
4417
5290
4369
4418
4370
4419
4371
4420
4372
4421
4373
4422
4374
4423
4375
4424
4376
4425
4377
4426
4378
4427
4379
4428
4380
4429
4381
4430
4382
4431
4383
4432
4384
4433
4385
4434
4386
4435
4387
4436
4388
4437
4389
4438
4390
4439
4391
4440
4392
4441
4393
4442
4394
4443
4395
4444
4396
4445
4397
4446
4398
4447
4399
4448
4400
4449
4401
4450
4402
4451
4403
4452
4404
4453
4405
4454
4406
4455
4407
4456
4408
4457
4409
4458
4410
4459
4411
4460
4412
4461
4413
4462
4414
4463
4415
4464
4416
4465
4417
4466
4467
5304
4419
4468
4420
4469
4421
4470
4422
4471
4423
4472
4424
4473
4425
4474
4426
4475
4427
4476
4428
4477
4429
4478
4430
4479
4431
4480
4432
4481
4433
4482
4434
4483
4435
4484
4436
4485
4437
4486
4438
4487
4439
4488
4440
4489
4441
4490
4442
4491
4443
4492
4444
4493
4445
4494
4446
4495
4447
4496
4448
4497
4449
4498
4450
4499
4451
4500
4452
4501
4453
4502
4454
4503
4455
4504
4456
4505
4457
4506
4458
4507
4459
4508
4460
4509
4461
4510
4462
4511
4463
4512
4464
4513
4465
4514
4466
4515
4467
4516
4517
5318
4469
4518
4470
4519
4471
4520
4472
4521
4473
4522
4474
4523
4475
4524
4476
4525
4477
4526
4478
4527
4479
4528
4480
4529
4481
4530
4482
4531
4483
4532
4484
4533
4485
4534
4486
4535
4487
4536
4488
4537
4489
4538
4490
4539
4491
4540
4492
4541
4493
4542
4494
4543
4495
4544
4496
4545
4497
4546
4498
4547
4499
4548
4500
4549
4501
4550
4502
4551
4503
4552
4504
4553
4505
4554
4506
4555
4507
4556
4508
4557
4509
4558
4510
4559
4511
4560
4512
4561
4513
4562
4514
4563
4515
4564
4516
4565
4517
4566
4567
5332
4519
4568
4520
4569
4521
4570
4522
4571
4523
4572
4524
4573
4525
4574
4526
4575
4527
4576
4528
4577
4529
4578
4530
4579
4531
4580
4532
4581
4533
4582
4534
4583
4535
4584
4536
4585
4537
4586
4538
4587
4539
4588
4540
4589
4541
4590
4542
4591
4543
4592
4544
4593
4545
4594
4546
4595
4547
4596
4548
4597
4549
4598
4550
4599
4551
4600
4552
4601
4553
4602
4554
4603
4555
4604
4556
4605
4557
4606
4558
4607
4559
4608
4560
4609
4561
4610
4562
4611
4563
4612
4564
4613
4565
4614
4566
4615
4567
4616
4617
5346
4569
4618
4570
4619
4571
4620
4572
4621
4573
4622
4574
4623
4575
4624
4576
4625
4577
4626
4578
4627
4579
4628
4580
4629
4581
4630
4582
4631
4583
4632
4584
4633
4585
4634
4586
4635
4587
4636
4588
4637
4589
4638
4590
4639
4591
4640
4592
4641
4593
4642
4594
4643
4595
4644
4596
4645
4597
4646
4598
4647
4599
4648
4600
4649
4601
4650
4602
4651
4603
4652
4604
4653
4605
4654
4606
4655
4607
4656
4608
4657
4609
4658
4610
4659
4611
4660
4612
4661
4613
4662
4614
4663
4615
4664
4616
4665
4617
4666
4667
5360
4619
4668
4620
4669
4621
4670
4622
4671
4623
4672
4624
4673
4625
4674
4626
4675
4627
4676
4628
4677
4629
4678
4630
4679
4631
4680
4632
4681
4633
4682
4634
4683
4635
4684
4636
4685
4637
4686
4638
4687
4639
4688
4640
4689
4641
4690
4642
4691
4643
4692
4644
4693
4645
4694
4646
4695
4647
4696
4648
4697
4649
4698
4650
4699
4651
4700
4652
4701
4653
4702
4654
4703
4655
4704
4656
4705
4657
4706
4658
4707
4659
4708
4660
4709
4661
4710
4662
4711
4663
4712
4664
4713
4665
4714
4666
4715
4667
4716
4717
5374
4669
4718
4670
4719
4671
4720
4672
4721
4673
4722
4674
4723
4675
4724
4676
4725
4677
4726
4678
4727
4679
4728
4680
4729
4681
4730
4682
4731
4683
4732
4684
4733
4685
4734
4686
4735
4687
4736
4688
4737
4689
4738
4690
4739
4691
4740
4692
4741
4693
4742
4694
4743
4695
4744
4696
4745
4697
4746
4698
4747
4699
4748
4700
4749
4701
4750
4702
4751
4703
4752
4704
4753
4705
4754
4706
4755
4707
4756
4708
4757
4709
4758
4710
4759
4711
4760
4712
4761
4713
4762
4714
4763
4715
4764
4716
4765
4717
4766
4767
5388
4719
4768
4720
4769
4721
4770
4722
4771
4723
4772
4724
4773
4725
4774
4726
4775
4727
4776
4728
4777
4729
4778
4730
4779
4731
4780
4732
4781
4733
4782
4734
4783
4735
4784
4736
4785
4737
4786
4738
4787
4739
4788
4740
4789
4741
4790
4742
4791
4743
4792
4744
4793
4745
4794
4746
4795
4747
4796
4748
4797
4749
4798
4750
4799
4751
4800
4752
4801
4753
4802
4754
4803
4755
4804
4756
4805
4757
4806
4758
4807
4759
4808
4760
4809
4761
4810
4762
4811
4763
4812
4764
4813
4765
4814
4766
4815
4767
4816
4817
5402
4769
4818
4770
4819
4771
4820
4772
4821
4773
4822
4774
4823
4775
4824
4776
4825
4777
4826
4778
4827
4779
4828
4780
4829
4781
4830
4782
4831
4783
4832
4784
4833
4785
4834
4786
4835
4787
4836
4788
4837
4789
4838
4790
4839
4791
4840
4792
4841
4793
4842
4794
4843
4795
4844
4796
4845
4797
4846
4798
4847
4799
4848
4800
4849
4801
4850
4802
4851
4803
4852
4804
4853
4805
4854
4806
4855
4807
4856
4808
4857
4809
4858
4810
4859
4811
4860
4812
4861
4813
4862
4814
4863
4815
4864
4816
4865
4817
4866
4867
5416
4819
4868
4820
4869
4821
4870
4822
4871
4823
4872
4824
4873
4825
4874
4826
4875
4827
4876
4828
4877
4829
4878
4830
4879
4831
4880
4832
4881
4833
4882
4834
4883
4835
4884
4836
4885
4837
4886
4838
4887
4839
4888
4840
4889
4841
4890
4842
4891
4843
4892
4844
4893
4845
4894
4846
4895
4847
4896
4848
4897
4849
4898
4850
4899
4851
4900
4852
4901
4853
4902
4854
4903
4855
4904
4856
4905
4857
4906
4858
4907
4859
4908
4860
4909
4861
4910
4862
4911
4863
4912
4864
4913
4865
4914
4866
4915
4867
4916
4917
5430
4869
4918
4870
4919
4871
4920
4872
4921
4873
4922
4874
4923
4875
4924
4876
4925
4877
4926
4878
4927
4879
4928
4880
4929
4881
4930
4882
4931
4883
4932
4884
4933
4885
4934
4886
4935
4887
4936
4888
4937
4889
4938
4890
4939
4891
4940
4892
4941
4893
4942
4894
4943
4895
4944
4896
4945
4897
4946
4898
4947
4899
4948
4900
4949
4901
4950
4902
4951
4903
4952
4904
4953
4905
4954
4906
4955
4907
4956
4908
4957
4909
4958
4910
4959
4911
4960
4912
4961
4913
4962
4914
4963
4915
4964
4916
4965
4917
4966
4967
5444
4919
4920
4921
4922
4923
4924
4925
4926
4927
4928
4929
4930
4931
4932
4933
4934
4935
4936
4937
4938
4939
4940
4941
4942
4943
4944
4945
4946
4947
4948
4949
4950
4951
4952
4953
4954
4955
4956
4957
4958
4959
4960
4961
4962
4963
4964
4965
4966
4967
5458
4969
4982
4970
4983
4971
4984
4972
4985
4973
4986
4974
4987
4975
4988
4976
4989
4977
4990
4978
4991
4979
4992
4980
4993
4981
4994
4995
5472
4983
4996
4984
4997
4985
4998
4986
4999
4987
5000
4988
5001
4989
5002
4990
5003
4991
5004
4992
5005
4993
5006
4994
5007
4995
5008
5009
5496
4997
5010
4998
5011
4999
5012
5000
5013
5001
5014
5002
5015
5003
5016
5004
5017
5005
5018
5006
5019
5007
5020
5008
5021
5009
5022
5023
5520
5011
5024
5012
5025
5013
5026
5014
5027
5015
5028
5016
5029
5017
5030
5018
5031
5019
5032
5020
5033
5021
5034
5022
5035
5023
5036
5037
5544
5025
5038
5026
5039
5027
5040
5028
5041
5029
5042
5030
5043
5031
5044
5032
5045
5033
5046
5034
5047
5035
5048
5036
5049
5037
5050
5051
5568
5039
5052
5040
5053
5041
5054
5042
5055
5043
5056
5044
5057
5045
5058
5046
5059
5047
5060
5048
5061
5049
5062
5050
5063
5051
5064
5065
5592
5053
5066
5054
5067
5055
5068
5056
5069
5057
5070
5058
5071
5059
5072
5060
5073
5061
5074
5062
5075
5063
5076
5064
5077
5065
5078
5079
5616
5067
5080
5068
5081
5069
5082
5070
5083
5071
5084
5072
5085
5073
5086
5074
5087
5075
5088
5076
5089
5077
5090
5078
5091
5079
5092
5093
5640
5081
5094
5082
5095
5083
5096
5084
5097
5085
5098
5086
5099
5087
5100
5088
5101
5089
5102
5090
5103
5091
5104
5092
5105
5093
5106
5107
5664
5095
5108
5096
5109
5097
5110
5098
5111
5099
5112
5100
5113
5101
5114
5102
5115
5103
5116
5104
5117
5105
5118
5106
5119
5107
5120
5121
5688
5109
5122
5110
5123
5111
5124
5112
5125
5113
5126
5114
5127
5115
5128
5116
5129
5117
5130
5118
5131
5119
5132
5120
5133
5121
5134
5135
5712
5123
5136
5124
5137
5125
5138
5126
5139
5127
5140
5128
5141
5129
5142
5130
5143
5131
5144
5132
5145
5133
5146
5134
5147
5135
5148
5149
5736
5137
5150
5138
5151
5139
5152
5140
5153
5141
5154
5142
5155
5143
5156
5144
5157
5145
5158
5146
5159
5147
5160
5148
5161
5149
5162
5163
5760
5151
5164
5152
5165
5153
5166
5154
5167
5155
5168
5156
5169
5157
5170
5158
5171
5159
5172
5160
5173
5161
5174
5162
5175
5163
5176
5177
5784
5165
5178
5166
5179
5167
5180
5168
5181
5169
5182
5170
5183
5171
5184
5172
5185
5173
5186
5174
5187
5175
5188
5176
5189
5177
5190
5191
5808
5179
5192
5180
5193
5181
5194
5182
5195
5183
5196
5184
5197
5185
5198
5186
5199
5187
5200
5188
5201
5189
5202
5190
5203
5191
5204
5205
5832
5193
5206
5194
5207
5195
5208
5196
5209
5197
5210
5198
5211
5199
5212
5200
5213
5201
5214
5202
5215
5203
5216
5204
5217
5205
5218
5219
5856
5207
5220
5208
5221
5209
5222
5210
5223
5211
5224
5212
5225
5213
5226
5214
5227
5215
5228
5216
5229
5217
5230
5218
5231
5219
5232
5233
5880
5221
5234
5222
5235
5223
5236
5224
5237
5225
5238
5226
5239
5227
5240
5228
5241
5229
5242
5230
5243
5231
5244
5232
5245
5233
5246
5247
5904
5235
5248
5236
5249
5237
5250
5238
5251
5239
5252
5240
5253
5241
5254
5242
5255
5243
5256
5244
5257
5245
5258
5246
5259
5247
5260
5261
5928
5249
5262
5250
5263
5251
5264
5252
5265
5253
5266
5254
5267
5255
5268
5256
5269
5257
5270
5258
5271
5259
5272
5260
5273
5261
5274
5275
5952
5263
5276
5264
5277
5265
5278
5266
5279
5267
5280
5268
5281
5269
5282
5270
5283
5271
5284
5272
5285
5273
5286
5274
5287
5275
5288
5289
5976
5277
5290
5278
5291
5279
5292
5280
5293
5281
5294
5282
5295
5283
5296
5284
5297
5285
5298
5286
5299
5287
5300
5288
5301
5289
5302
5303
6000
5291
5304
5292
5305
5293
5306
5294
5307
5295
5308
5296
5309
5297
5310
5298
5311
5299
5312
5300
5313
5301
5314
5302
5315
5303
5316
5317
6024
5305
5318
5306
5319
5307
5320
5308
5321
5309
5322
5310
5323
5311
5324
5312
5325
5313
5326
5314
5327
5315
5328
5316
5329
5317
5330
5331
6048
5319
5332
5320
5333
5321
5334
5322
5335
5323
5336
5324
5337
5325
5338
5326
5339
5327
5340
5328
5341
5329
5342
5330
5343
5331
5344
5345
6072
5333
5346
5334
5347
5335
5348
5336
5349
5337
5350
5338
5351
5339
5352
5340
5353
5341
5354
5342
5355
5343
5356
5344
5357
5345
5358
5359
6096
5347
5360
5348
5361
5349
5362
5350
5363
5351
5364
5352
5365
5353
5366
5354
5367
5355
5368
5356
5369
5357
5370
5358
5371
5359
5372
5373
6120
5361
5374
5362
5375
5363
5376
5364
5377
5365
5378
5366
5379
5367
5380
5368
5381
5369
5382
5370
5383
5371
5384
5372
5385
5373
5386
5387
6144
5375
5388
5376
5389
5377
5390
5378
5391
5379
5392
5380
5393
5381
5394
5382
5395
5383
5396
5384
5397
5385
5398
5386
5399
5387
5400
5401
6168
5389
5402
5390
5403
5391
5404
5392
5405
5393
5406
5394
5407
5395
5408
5396
5409
5397
5410
5398
5411
5399
5412
5400
5413
5401
5414
5415
6192
5403
5416
5404
5417
5405
5418
5406
5419
5407
5420
5408
5421
5409
5422
5410
5423
5411
5424
5412
5425
5413
5426
5414
5427
5415
5428
5429
6216
5417
5430
5418
5431
5419
5432
5420
5433
5421
5434
5422
5435
5423
5436
5424
5437
5425
5438
5426
5439
5427
5440
5428
5441
5429
5442
5443
6240
5431
5444
5432
5445
5433
5446
5434
5447
5435
5448
5436
5449
5437
5450
5438
5451
5439
5452
5440
5453
5441
5454
5442
5455
5443
5456
5457
6264
5445
5458
5446
5459
5447
5460
5448
5461
5449
5462
5450
5463
5451
5464
5452
5465
5453
5466
5454
5467
5455
5468
5456
5469
5457
5470
5471
6288
5459
5460
5461
5462
5463
5464
5465
5466
5467
5468
5469
5470
5471
6312
5473
5496
5474
5497
5475
5498
5476
5499
5477
5500
5478
5501
5479
5502
5480
5503
5481
5504
5482
5505
5483
5506
5484
5507
5485
5508
5486
5509
5487
5510
5488
5511
5489
5512
5490
5513
5491
5514
5492
5515
5493
5516
5494
5517
5495
5518
5519
5497
5520
5498
5521
5499
5522
5500
5523
5501
5524
5502
5525
5503
5526
5504
5527
5505
5528
5506
5529
5507
5530
5508
5531
5509
5532
5510
5533
5511
5534
5512
5535
5513
5536
5514
5537
5515
5538
5516
5539
5517
5540
5518
5541
5519
5542
5543
5521
5544
5522
5545
5523
5546
5524
5547
5525
5548
5526
5549
5527
5550
5528
5551
5529
5552
5530
5553
5531
5554
5532
5555
5533
5556
5534
5557
5535
5558
5536
5559
5537
5560
5538
5561
5539
5562
5540
5563
5541
5564
5542
5565
5543
5566
5567
5545
5568
5546
5569
5547
5570
5548
5571
5549
5572
5550
5573
5551
5574
5552
5575
5553
5576
5554
5577
5555
5578
5556
5579
5557
5580
5558
5581
5559
5582
5560
5583
5561
5584
5562
5585
5563
5586
5564
5587
5565
5588
5566
5589
5567
5590
5591
5569
5592
5570
5593
5571
5594
5572
5595
5573
5596
5574
5597
5575
5598
5576
5599
5577
5600
5578
5601
5579
5602
5580
5603
5581
5604
5582
5605
5583
5606
5584
5607
5585
5608
5586
5609
5587
5610
5588
5611
5589
5612
5590
5613
5591
5614
5615
5593
5616
5594
5617
5595
5618
5596
5619
5597
5620
5598
5621
5599
5622
5600
5623
5601
5624
5602
5625
5603
5626
5604
5627
5605
5628
5606
5629
5607
5630
5608
5631
5609
5632
5610
5633
5611
5634
5612
5635
5613
5636
5614
5637
5615
5638
5639
5617
5640
5618
5641
5619
5642
5620
5643
5621
5644
5622
5645
5623
5646
5624
5647
5625
5648
5626
5649
5627
5650
5628
5651
5629
5652
5630
5653
5631
5654
5632
5655
5633
5656
5634
5657
5635
5658
5636
5659
5637
5660
5638
5661
5639
5662
5663
5641
5664
5642
5665
5643
5666
5644
5667
5645
5668
5646
5669
5647
5670
5648
5671
5649
5672
5650
5673
5651
5674
5652
5675
5653
5676
5654
5677
5655
5678
5656
5679
5657
5680
5658
5681
5659
5682
5660
5683
5661
5684
5662
5685
5663
5686
5687
5665
5688
5666
5689
5667
5690
5668
5691
5669
5692
5670
5693
5671
5694
5672
5695
5673
5696
5674
5697
5675
5698
5676
5699
5677
5700
5678
5701
5679
5702
5680
5703
5681
5704
5682
5705
5683
5706
5684
5707
5685
5708
5686
5709
5687
5710
5711
5689
5712
5690
5713
5691
5714
5692
5715
5693
5716
5694
5717
5695
5718
5696
5719
5697
5720
5698
5721
5699
5722
5700
5723
5701
5724
5702
5725
5703
5726
5704
5727
5705
5728
5706
5729
5707
5730
5708
5731
5709
5732
5710
5733
5711
5734
5735
5713
5736
5714
5737
5715
5738
5716
5739
5717
5740
5718
5741
5719
5742
5720
5743
5721
5744
5722
5745
5723
5746
5724
5747
5725
5748
5726
5749
5727
5750
5728
5751
5729
5752
5730
5753
5731
5754
5732
5755
5733
5756
5734
5757
5735
5758
5759
5737
5760
5738
5761
5739
5762
5740
5763
5741
5764
5742
5765
5743
5766
5744
5767
5745
5768
5746
5769
5747
5770
5748
5771
5749
5772
5750
5773
5751
5774
5752
5775
5753
5776
5754
5777
5755
5778
5756
5779
5757
5780
5758
5781
5759
5782
5783
5761
5784
5762
5785
5763
5786
5764
5787
5765
5788
5766
5789
5767
5790
5768
5791
5769
5792
5770
5793
5771
5794
5772
5795
5773
5796
5774
5797
5775
5798
5776
5799
5777
5800
5778
5801
5779
5802
5780
5803
5781
5804
5782
5805
5783
5806
5807
5785
5808
5786
5809
5787
5810
5788
5811
5789
5812
5790
5813
5791
5814
5792
5815
5793
5816
5794
5817
5795
5818
5796
5819
5797
5820
5798
5821
5799
5822
5800
5823
5801
5824
5802
5825
5803
5826
5804
5827
5805
5828
5806
5829
5807
5830
5831
5809
5832
5810
5833
5811
5834
5812
5835
5813
5836
5814
5837
5815
5838
5816
5839
5817
5840
5818
5841
5819
5842
5820
5843
5821
5844
5822
5845
5823
5846
5824
5847
5825
5848
5826
5849
5827
5850
5828
5851
5829
5852
5830
5853
5831
5854
5855
5833
5856
5834
5857
5835
5858
5836
5859
5837
5860
5838
5861
5839
5862
5840
5863
5841
5864
5842
5865
5843
5866
5844
5867
5845
5868
5846
5869
5847
5870
5848
5871
5849
5872
5850
5873
5851
5874
5852
5875
5853
5876
5854
5877
5855
5878
5879
5857
5880
5858
5881
5859
5882
5860
5883
5861
5884
5862
5885
5863
5886
5864
5887
5865
5888
5866
5889
5867
5890
5868
5891
5869
5892
5870
5893
5871
5894
5872
5895
5873
5896
5874
5897
5875
5898
5876
5899
5877
5900
5878
5901
5879
5902
5903
5881
5904
5882
5905
5883
5906
5884
5907
5885
5908
5886
5909
5887
5910
5888
5911
5889
5912
5890
5913
5891
5914
5892
5915
5893
5916
5894
5917
5895
5918
5896
5919
5897
5920
5898
5921
5899
5922
5900
5923
5901
5924
5902
5925
5903
5926
5927
5905
5928
5906
5929
5907
5930
5908
5931
5909
5932
5910
5933
5911
5934
5912
5935
5913
5936
5914
5937
5915
5938
5916
5939
5917
5940
5918
5941
5919
5942
5920
5943
5921
5944
5922
5945
5923
5946
5924
5947
5925
5948
5926
5949
5927
5950
5951
5929
5952
5930
5953
5931
5954
5932
5955
5933
5956
5934
5957
5935
5958
5936
5959
5937
5960
5938
5961
5939
5962
5940
5963
5941
5964
5942
5965
5943
5966
5944
5967
5945
5968
5946
5969
5947
5970
5948
5971
5949
5972
5950
5973
5951
5974
5975
5953
5976
5954
5977
5955
5978
5956
5979
5957
5980
5958
5981
5959
5982
5960
5983
5961
5984
5962
5985
5963
5986
5964
5987
5965
5988
5966
5989
5967
5990
5968
5991
5969
5992
5970
5993
5971
5994
5972
5995
5973
5996
5974
5997
5975
5998
5999
5977
6000
5978
6001
5979
6002
5980
6003
5981
6004
5982
6005
5983
6006
5984
6007
5985
6008
5986
6009
5987
6010
5988
6011
5989
6012
5990
6013
5991
6014
5992
6015
5993
6016
5994
6017
5995
6018
5996
6019
5997
6020
5998
6021
5999
6022
6023
6001
6024
6002
6025
6003
6026
6004
6027
6005
6028
6006
6029
6007
6030
6008
6031
6009
6032
6010
6033
6011
6034
6012
6035
6013
6036
6014
6037
6015
6038
6016
6039
6017
6040
6018
6041
6019
6042
6020
6043
6021
6044
6022
6045
6023
6046
6047
6025
6048
6026
6049
6027
6050
6028
6051
6029
6052
6030
6053
6031
6054
6032
6055
6033
6056
6034
6057
6035
6058
6036
6059
6037
6060
6038
6061
6039
6062
6040
6063
6041
6064
6042
6065
6043
6066
6044
6067
6045
6068
6046
6069
6047
6070
6071
6049
6072
6050
6073
6051
6074
6052
6075
6053
6076
6054
6077
6055
6078
6056
6079
6057
6080
6058
6081
6059
6082
6060
6083
6061
6084
6062
6085
6063
6086
6064
6087
6065
6088
6066
6089
6067
6090
6068
6091
6069
6092
6070
6093
6071
6094
6095
6073
6096
6074
6097
6075
6098
6076
6099
6077
6100
6078
6101
6079
6102
6080
6103
6081
6104
6082
6105
6083
6106
6084
6107
6085
6108
6086
6109
6087
6110
6088
6111
6089
6112
6090
6113
6091
6114
6092
6115
6093
6116
6094
6117
6095
6118
6119
6097
6120
6098
6121
6099
6122
6100
6123
6101
6124
6102
6125
6103
6126
6104
6127
6105
6128
6106
6129
6107
6130
6108
6131
6109
6132
6110
6133
6111
6134
6112
6135
6113
6136
6114
6137
6115
6138
6116
6139
6117
6140
6118
6141
6119
6142
6143
6121
6144
6122
6145
6123
6146
6124
6147
6125
6148
6126
6149
6127
6150
6128
6151
6129
6152
6130
6153
6131
6154
6132
6155
6133
6156
6134
6157
6135
6158
6136
6159
6137
6160
6138
6161
6139
6162
6140
6163
6141
6164
6142
6165
6143
6166
6167
6145
6168
6146
6169
6147
6170
6148
6171
6149
6172
6150
6173
6151
6174
6152
6175
6153
6176
6154
6177
6155
6178
6156
6179
6157
6180
6158
6181
6159
6182
6160
6183
6161
6184
6162
6185
6163
6186
6164
6187
6165
6188
6166
6189
6167
6190
6191
6169
6192
6170
6193
6171
6194
6172
6195
6173
6196
6174
6197
6175
6198
6176
6199
6177
6200
6178
6201
6179
6202
6180
6203
6181
6204
6182
6205
6183
6206
6184
6207
6185
6208
6186
6209
6187
6210
6188
6211
6189
6212
6190
6213
6191
6214
6215
6193
6216
6194
6217
6195
6218
6196
6219
6197
6220
6198
6221
6199
6222
6200
6223
6201
6224
6202
6225
6203
6226
6204
6227
6205
6228
6206
6229
6207
6230
6208
6231
6209
6232
6210
6233
6211
6234
6212
6235
6213
6236
6214
6237
6215
6238
6239
6217
6240
6218
6241
6219
6242
6220
6243
6221
6244
6222
6245
6223
6246
6224
6247
6225
6248
6226
6249
6227
6250
6228
6251
6229
6252
6230
6253
6231
6254
6232
6255
6233
6256
6234
6257
6235
6258
6236
6259
6237
6260
6238
6261
6239
6262
6263
6241
6264
6242
6265
6243
6266
6244
6267
6245
6268
6246
6269
6247
6270
6248
6271
6249
6272
6250
6273
6251
6274
6252
6275
6253
6276
6254
6277
6255
6278
6256
6279
6257
6280
6258
6281
6259
6282
6260
6283
6261
6284
6262
6285
6263
6286
6287
6265
6288
6266
6289
6267
6290
6268
6291
6269
6292
6270
6293
6271
6294
6272
6295
6273
6296
6274
6297
6275
6298
6276
6299
6277
6300
6278
6301
6279
6302
6280
6303
6281
6304
6282
6305
6283
6306
6284
6307
6285
6308
6286
6309
6287
6310
6311
6289
6312
6290
6313
6291
6314
6292
6315
6293
6316
6294
6317
6295
6318
6296
6319
6297
6320
6298
6321
6299
6322
6300
6323
6301
6324
6302
6325
6303
6326
6304
6327
6305
6328
6306
6329
6307
6330
6308
6331
6309
6332
6310
6333
6311
6334
6335
6313
6314
6315
6316
6317
6318
6319
6320
6321
6322
6323
6324
6325
6326
6327
6328
6329
6330
6331
6332
6333
6334
6335
)


// ************************************************************************* //
