// Data on points

297
(
(13666.32 -725.48902 0)
(20383.45 -2980.1121 0)
(8348.3634 -1062.3231 0)
(10405.449 -1583.9375 0)
(6711.272 -905.64509 0)
(7631.3206 -1095.4323 0)
(5548.8439 -779.76261 0)
(5981.0241 -829.8101 0)
(4753.1438 -658.13006 0)
(5126.4698 -705.78703 0)
(4155.7051 -599.13304 0)
(4401.3699 -629.12937 0)
(3665.5324 -536.47943 0)
(3884.7185 -557.2232 0)
(3268.819 -482.52633 0)
(3479.9306 -509.73794 0)
(2983.8429 -450.29296 0)
(3132.3334 -471.68749 0)
(2713.8761 -425.13062 0)
(2842.0045 -444.36745 0)
(2496.4404 -402.10514 0)
(2600.8706 -410.12697 0)
(2303.1974 -382.59875 0)
(2397.7028 -394.06498 0)
(2142.0398 -366.99612 0)
(2217.3275 -369.85449 0)
(1991.1922 -348.85021 0)
(2062.6665 -355.17323 0)
(1865.4141 -335.12232 0)
(1926.9407 -338.34114 0)
(1750.5734 -322.53045 0)
(1804.7467 -327.69149 0)
(1644.7118 -309.88002 0)
(1694.4879 -316.38112 0)
(1552.686 -297.37575 0)
(1596.64 -303.86923 0)
(1468.3897 -287.30998 0)
(1507.8224 -292.19653 0)
(1391.48 -276.02727 0)
(1429.1832 -281.18585 0)
(1322.2636 -265.70461 0)
(1354.2533 -271.42547 0)
(1257.4958 -256.13326 0)
(1288.41 -261.01107 0)
(1199.0529 -245.99124 0)
(1227.6275 -250.94649 0)
(1145.5832 -236.56527 0)
(1170.9778 -241.50353 0)
(1095.2661 -227.21345 0)
(1119.2919 -231.70263 0)
(1048.1753 -217.77244 0)
(1071.1825 -223.16198 0)
(1005.8545 -208.80541 0)
(1027.0881 -213.17695 0)
(965.4991 -199.91053 0)
(985.38626 -204.53881 0)
(928.86526 -191.00076 0)
(946.66164 -195.04779 0)
(893.3078 -182.07169 0)
(910.5539 -186.7664 0)
(860.70908 -173.37609 0)
(876.75805 -177.61352 0)
(829.27846 -164.9557 0)
(845.30242 -169.12117 0)
(800.40993 -156.08835 0)
(815.46016 -160.3878 0)
(773.34976 -147.73605 0)
(787.10712 -151.91097 0)
(747.14915 -139.30434 0)
(760.11185 -143.57552 0)
(722.82469 -130.94461 0)
(734.81052 -134.90683 0)
(699.26429 -122.55484 0)
(710.67402 -126.73199 0)
(676.91935 -114.16843 0)
(687.86528 -118.32968 0)
(655.75001 -105.97522 0)
(666.07534 -109.94804 0)
(635.31546 -97.667628 0)
(645.35819 -101.80319 0)
(616.04813 -89.611906 0)
(625.47788 -93.520141 0)
(597.16913 -81.399587 0)
(606.50268 -85.418032 0)
(579.3981 -73.187116 0)
(588.29941 -77.241002 0)
(562.38864 -65.090747 0)
(570.88714 -69.116008 0)
(545.7063 -57.064765 0)
(554.14747 -61.054374 0)
(530.07255 -48.872539 0)
(538.0605 -52.957461 0)
(515.07093 -40.729339 0)
(522.50181 -44.848559 0)
(500.43534 -32.661983 0)
(507.61846 -36.790985 0)
(486.58466 -24.465295 0)
(493.43748 -28.52458 0)
(473.22834 -16.245977 0)
(479.87312 -20.40767 0)
(460.95358 -7.8277841 0)
(466.96413 -11.968079 0)
(449.137 0.65878077 0)
(454.79851 -3.6110846 0)
(438.3555 9.5988064 0)
(443.47885 5.013217 0)
(428.55458 18.599193 0)
(433.12398 13.979621 0)
(420.23035 28.631108 0)
(423.93749 23.304505 0)
(413.16052 39.010367 0)
(416.19591 33.445435 0)
(408.4815 51.083523 0)
(410.49921 44.738318 0)
(405.23815 64.890537 0)
(407.25867 57.32156 0)
(408.82158 83.157755 0)
(406.84425 73.629375 0)
(418.32792 105.60525 0)
(411.39288 94.001116 0)
(429.04893 139.18084 0)
(423.71791 120.67148 0)
(470.90211 192.82316 0)
(447.35258 165.66951 0)
(544.71312 344.00843 0)
(499.36199 230.23159 0)
(395.91277 451.67481 0)
(529.74269 487.24653 0)
(268.45258 320.20525 0)
(298.20776 373.7167 0)
(229.25073 232.80602 0)
(249.09136 270.70037 0)
(207.22795 177.95461 0)
(216.42225 204.69795 0)
(195.59033 130.77243 0)
(200.65599 151.95011 0)
(188.04456 89.649912 0)
(191.35883 108.67108 0)
(183.71503 55.39696 0)
(185.34382 71.963849 0)
(181.90273 25.395533 0)
(182.1349 40.01386 0)
(180.47275 -3.3133131 0)
(181.71678 10.508201 0)
(180.4952 -27.591842 0)
(180.41504 -15.433956 0)
(180.85088 -50.711752 0)
(180.7009 -39.228196 0)
(181.83582 -71.379223 0)
(180.99265 -61.190236 0)
(182.40127 -91.443323 0)
(181.92266 -81.779446 0)
(183.55728 -109.90992 0)
(182.74447 -100.83301 0)
(184.59245 -127.56444 0)
(183.98987 -118.82009 0)
(185.65141 -143.89146 0)
(184.9227 -135.78466 0)
(186.84069 -159.47465 0)
(186.17835 -151.87381 0)
(187.89287 -174.63378 0)
(187.47523 -167.23479 0)
(189.04147 -188.64672 0)
(188.44704 -181.6878 0)
(190.18831 -202.18771 0)
(189.64137 -195.41148 0)
(191.23564 -214.74393 0)
(190.55973 -208.47451 0)
(192.29746 -226.7847 0)
(191.71448 -220.92009 0)
(193.31333 -238.32039 0)
(192.72176 -232.72832 0)
(194.24308 -249.32869 0)
(193.76029 -243.91314 0)
(195.258 -259.58544 0)
(194.68161 -254.53915 0)
(196.17181 -269.35832 0)
(195.62842 -264.71247 0)
(197.03134 -278.6763 0)
(196.5533 -274.03783 0)
(197.89142 -287.49227 0)
(197.54764 -283.32236 0)
(198.70286 -295.80312 0)
(198.28385 -291.64575 0)
(199.52519 -303.37084 0)
(199.05432 -299.63647 0)
(200.38254 -310.54342 0)
(199.967 -307.11206 0)
(201.10146 -317.33713 0)
(200.72478 -314.09447 0)
(201.95292 -323.51007 0)
(201.46733 -320.59079 0)
(202.69456 -329.35493 0)
(202.27928 -326.46265 0)
(203.44225 -334.66761 0)
(203.13325 -332.24453 0)
(204.16217 -339.58134 0)
(203.78805 -337.14096 0)
(204.93281 -343.79318 0)
(204.49618 -341.73455 0)
(205.73175 -347.62036 0)
(205.33146 -345.87217 0)
(206.42328 -351.0815 0)
(206.05322 -349.48407 0)
(207.22788 -353.92955 0)
(206.78411 -352.62635 0)
(207.99979 -356.44692 0)
(207.63376 -355.30994 0)
(208.71964 -358.40677 0)
(208.36799 -357.52033 0)
(209.49745 -359.85436 0)
(209.08233 -359.26995 0)
(210.22367 -360.94553 0)
(209.93877 -360.49348 0)
(210.92963 -361.36958 0)
(210.59291 -361.22276 0)
(211.69329 -361.35311 0)
(211.32385 -361.46709 0)
(212.3127 -360.90361 0)
(212.00933 -361.19497 0)
(212.86698 -359.73142 0)
(212.56186 -360.45946 0)
(213.4136 -358.1768 0)
(213.13913 -359.1119 0)
(213.69909 -356.05153 0)
(213.59389 -357.26898 0)
(213.96666 -353.39697 0)
(213.9166 -354.87971 0)
(213.97276 -350.27137 0)
(213.98903 -351.9295 0)
(213.78606 -346.66667 0)
(213.98528 -348.5399 0)
(213.33562 -342.2296 0)
(213.48789 -344.50026 0)
(212.4671 -337.71141 0)
(212.94993 -340.03202 0)
(211.19268 -332.42754 0)
(211.83803 -335.17373 0)
(209.6074 -326.78209 0)
(210.47612 -329.7855 0)
(207.43784 -321.00284 0)
(208.61251 -323.98265 0)
(204.85771 -314.9092 0)
(206.29801 -318.01227 0)
(201.72907 -308.33182 0)
(203.30905 -311.54157 0)
(198.04447 -301.973 0)
(199.99358 -305.12938 0)
(193.7569 -295.24492 0)
(195.92248 -298.61712 0)
(189.01736 -288.74911 0)
(191.54129 -291.97416 0)
(183.71092 -282.09222 0)
(186.36149 -285.44597 0)
(177.9042 -275.7807 0)
(180.87707 -278.90337 0)
(171.75401 -269.12998 0)
(174.8303 -272.6462 0)
(165.02243 -263.31515 0)
(168.39447 -266.33656 0)
(157.97324 -257.4021 0)
(161.51611 -260.33932 0)
(150.58025 -251.93122 0)
(154.34624 -254.60205 0)
(142.83542 -246.56715 0)
(146.70988 -249.20204 0)
(134.82351 -241.66605 0)
(138.88366 -244.05882 0)
(126.51943 -236.8767 0)
(130.63807 -239.26164 0)
(117.9768 -232.57843 0)
(122.32093 -234.68895 0)
(109.23002 -228.52532 0)
(113.65677 -230.5699 0)
(100.31197 -224.98262 0)
(104.90003 -226.7209 0)
(91.261939 -221.43074 0)
(95.734992 -223.22182 0)
(81.9962 -218.45203 0)
(86.653886 -219.93234 0)
(72.608168 -215.74131 0)
(77.331616 -217.10073 0)
(63.200175 -213.29689 0)
(67.923071 -214.62512 0)
(53.59758 -211.36855 0)
(58.402188 -212.3902 0)
(43.901712 -209.5761 0)
(48.807579 -210.56686 0)
(34.298374 -208.1635 0)
(39.150322 -209.22785 0)
(24.488705 -207.30667 0)
(29.367648 -207.8642 0)
(14.708258 -206.61975 0)
(19.605966 -206.94892 0)
(4.9106591 -206.31703 0)
(9.8089738 -206.40531 0)
(0.050571107 -206.20153 0)
)

