// Points

33
(
(0.02 0.02682526 0)
(0.019504501 0.026629674 0)
(0.01843703 0.026193567 0)
(0.019009002 0.026439022 0)
(0.017227143 0.025690039 0)
(0.017865059 0.025936361 0)
(0.015951179 0.025261745 0)
(0.016589227 0.025459115 0)
(0.014675085 0.024896306 0)
(0.015313132 0.025069569 0)
(0.013398991 0.024571679 0)
(0.014037038 0.024726428 0)
(0.012122896 0.0242825 0)
(0.012760944 0.024420174 0)
(0.010846802 0.024026676 0)
(0.011484849 0.024147988 0)
(0.0095707079 0.023802826 0)
(0.010208756 0.023908478 0)
(0.008294613 0.023609899 0)
(0.0089326595 0.023700559 0)
(0.0070185192 0.023446569 0)
(0.0076565665 0.02352226 0)
(0.0057424243 0.023311012 0)
(0.0063804719 0.023373363 0)
(0.0044663305 0.023204896 0)
(0.0051043767 0.023252721 0)
(0.0031902364 0.023124883 0)
(0.0038282842 0.023159528 0)
(0.0019141421 0.023072277 0)
(0.0025521885 0.023093458 0)
(0.00063804785 0.023046704 0)
(0.0012760957 0.023054486 0)
(1.4675728e-226 0.023039602 0)
)

