// Points

297
(
(0.034 0.024801587 0)
(0.034 0.025 0)
(0.034 0.024404762 0)
(0.034 0.024603175 0)
(0.034 0.024007937 0)
(0.034 0.024206349 0)
(0.034 0.023611111 0)
(0.034 0.023809524 0)
(0.034 0.023214286 0)
(0.034 0.023412698 0)
(0.034 0.02281746 0)
(0.034 0.023015873 0)
(0.034 0.022420635 0)
(0.034 0.022619048 0)
(0.034 0.02202381 0)
(0.034 0.022222222 0)
(0.034 0.021626984 0)
(0.034 0.021825397 0)
(0.034 0.021230159 0)
(0.034 0.021428571 0)
(0.034 0.020833333 0)
(0.034 0.021031746 0)
(0.034 0.020436508 0)
(0.034 0.020634921 0)
(0.034 0.020039683 0)
(0.034 0.020238095 0)
(0.034 0.019642857 0)
(0.034 0.01984127 0)
(0.034 0.019246032 0)
(0.034 0.019444444 0)
(0.034 0.018849206 0)
(0.034 0.019047619 0)
(0.034 0.018452381 0)
(0.034 0.018650794 0)
(0.034 0.018055556 0)
(0.034 0.018253968 0)
(0.034 0.01765873 0)
(0.034 0.017857143 0)
(0.034 0.017261905 0)
(0.034 0.017460317 0)
(0.034 0.016865079 0)
(0.034 0.017063492 0)
(0.034 0.016468254 0)
(0.034 0.016666667 0)
(0.034 0.016071429 0)
(0.034 0.016269841 0)
(0.034 0.015674603 0)
(0.034 0.015873016 0)
(0.034 0.015277778 0)
(0.034 0.01547619 0)
(0.034 0.014880952 0)
(0.034 0.015079365 0)
(0.034 0.014484127 0)
(0.034 0.01468254 0)
(0.034 0.014087302 0)
(0.034 0.014285714 0)
(0.034 0.013690476 0)
(0.034 0.013888889 0)
(0.034 0.013293651 0)
(0.034 0.013492063 0)
(0.034 0.012896825 0)
(0.034 0.013095238 0)
(0.034 0.0125 0)
(0.034 0.012698413 0)
(0.034 0.012103175 0)
(0.034 0.012301587 0)
(0.034 0.011706349 0)
(0.034 0.011904762 0)
(0.034 0.011309524 0)
(0.034 0.011507937 0)
(0.034 0.010912698 0)
(0.034 0.011111111 0)
(0.034 0.010515873 0)
(0.034 0.010714286 0)
(0.034 0.010119048 0)
(0.034 0.01031746 0)
(0.034 0.0097222222 0)
(0.034 0.0099206349 0)
(0.034 0.0093253968 0)
(0.034 0.0095238095 0)
(0.034 0.0089285714 0)
(0.034 0.0091269841 0)
(0.034 0.008531746 0)
(0.034 0.0087301587 0)
(0.034 0.0081349206 0)
(0.034 0.0083333333 0)
(0.034 0.0077380952 0)
(0.034 0.0079365079 0)
(0.034 0.0073412698 0)
(0.034 0.0075396825 0)
(0.034 0.0069444444 0)
(0.034 0.0071428571 0)
(0.034 0.006547619 0)
(0.034 0.0067460317 0)
(0.034 0.0061507937 0)
(0.034 0.0063492063 0)
(0.034 0.0057539683 0)
(0.034 0.005952381 0)
(0.034 0.0053571429 0)
(0.034 0.0055555556 0)
(0.034 0.0049603175 0)
(0.034 0.0051587302 0)
(0.034 0.0045634921 0)
(0.034 0.0047619048 0)
(0.034 0.0041666667 0)
(0.034 0.0043650794 0)
(0.034 0.0037698413 0)
(0.034 0.003968254 0)
(0.034 0.0033730159 0)
(0.034 0.0035714286 0)
(0.034 0.0029761905 0)
(0.034 0.0031746032 0)
(0.034 0.0025793651 0)
(0.034 0.0027777778 0)
(0.034 0.0021825397 0)
(0.034 0.0023809524 0)
(0.034 0.0017857143 0)
(0.034 0.001984127 0)
(0.034 0.0013888889 0)
(0.034 0.0015873016 0)
(0.034 0.00099206349 0)
(0.034 0.0011904762 0)
(0.034 0.0005952381 0)
(0.034 0.00079365079 0)
(0.034 0.0001984127 0)
(0.034 0.0003968254 0)
(0.0338 7.9606369e-227 0)
(0.034 1.0018777e-226 0)
(0.0334 8.9723389e-227 0)
(0.0336 9.9036577e-227 0)
(0.033 8.7201424e-227 0)
(0.0332 1.0231393e-226 0)
(0.0326 8.1330594e-227 0)
(0.0328 9.7121468e-227 0)
(0.0322 8.8825576e-227 0)
(0.0324 1.0037597e-226 0)
(0.0318 8.8658985e-227 0)
(0.032 1.0225459e-226 0)
(0.0314 7.9450705e-227 0)
(0.0316 9.6621987e-227 0)
(0.031 8.7257943e-227 0)
(0.0312 9.9465325e-227 0)
(0.0306 7.1282826e-227 0)
(0.0308 9.3815223e-227 0)
(0.0302 8.7043239e-227 0)
(0.0304 9.0058829e-227 0)
(0.0298 7.1257474e-227 0)
(0.03 9.0039372e-227 0)
(0.0294 8.7004357e-227 0)
(0.0296 9.0023565e-227 0)
(0.029 7.1462172e-227 0)
(0.0292 9.0004265e-227 0)
(0.0286 8.7920803e-227 0)
(0.0288 9.1360662e-227 0)
(0.0282 7.56467e-227 0)
(0.0284 9.3640275e-227 0)
(0.0278 8.646045e-227 0)
(0.028 9.7795256e-227 0)
(0.0274 8.9709928e-227 0)
(0.0276 1.0131506e-226 0)
(0.027 7.1222568e-227 0)
(0.0272 9.583752e-227 0)
(0.0266 8.678004e-227 0)
(0.0268 8.9903265e-227 0)
(0.0262 7.1204612e-227 0)
(0.0264 9.0802442e-227 0)
(0.0258 8.6278499e-227 0)
(0.026 9.5412675e-227 0)
(0.0254 9.0030091e-227 0)
(0.0256 1.0138254e-226 0)
(0.025 8.9937099e-227 0)
(0.0252 1.0359657e-226 0)
(0.0246 8.3735406e-227 0)
(0.0248 1.004254e-226 0)
(0.0242 8.9036037e-227 0)
(0.0244 9.9133055e-227 0)
(0.0238 8.7345146e-227 0)
(0.024 1.0145175e-226 0)
(0.0234 8.7415603e-227 0)
(0.0236 1.009068e-226 0)
(0.023 8.2475643e-227 0)
(0.0232 9.7964111e-227 0)
(0.0226 7.410299e-227 0)
(0.0228 9.0539185e-227 0)
(0.0222 8.7583047e-227 0)
(0.0224 1.0097673e-226 0)
(0.0218 8.5533038e-227 0)
(0.022 1.0022812e-226 0)
(0.0214 8.5661525e-227 0)
(0.0216 9.8828274e-227 0)
(0.021 8.7386696e-227 0)
(0.0212 1.0008598e-226 0)
(0.0206 8.7298368e-227 0)
(0.0208 1.0084196e-226 0)
(0.0202 8.2509981e-227 0)
(0.0204 9.7944243e-227 0)
(0.0198 7.4801662e-227 0)
(0.02 9.048747e-227 0)
(0.0194 8.7625523e-227 0)
(0.0196 1.0095561e-226 0)
(0.019 8.5418558e-227 0)
(0.0192 1.0082144e-226 0)
(0.0186 8.5701039e-227 0)
(0.0188 9.8809629e-227 0)
(0.0182 8.9700878e-227 0)
(0.0184 1.0181902e-226 0)
(0.0178 8.133809e-227 0)
(0.018 1.0014918e-226 0)
(0.0174 8.8284479e-227 0)
(0.0176 9.7320773e-227 0)
(0.017 8.7327375e-227 0)
(0.0172 1.0063103e-226 0)
(0.0166 7.3494114e-227 0)
(0.0168 9.7124162e-227 0)
(0.0162 8.8289435e-227 0)
(0.0164 9.2078327e-227 0)
(0.0158 8.5748288e-227 0)
(0.016 1.0005011e-226 0)
(0.0154 8.4676398e-227 0)
(0.0156 9.7562632e-227 0)
(0.015 9.0093475e-227 0)
(0.0152 1.0127133e-226 0)
(0.0146 8.0070998e-227 0)
(0.0148 9.858321e-227 0)
(0.0142 8.9076617e-227 0)
(0.0144 9.7223245e-227 0)
(0.0138 7.1431123e-227 0)
(0.014 9.3323823e-227 0)
(0.0134 8.7177353e-227 0)
(0.0136 9.0210139e-227 0)
(0.013 7.1422756e-227 0)
(0.0132 9.0237047e-227 0)
(0.0126 8.6472877e-227 0)
(0.0128 9.1039439e-227 0)
(0.0122 8.2328979e-227 0)
(0.0124 9.7391963e-227 0)
(0.0118 9.0732e-227 0)
(0.012 1.0112675e-226 0)
(0.0114 7.2129734e-227 0)
(0.0116 9.5635889e-227 0)
(0.011 8.7131708e-227 0)
(0.0112 9.0169077e-227 0)
(0.0106 7.1888359e-227 0)
(0.0108 9.0200625e-227 0)
(0.0102 8.6451179e-227 0)
(0.0104 9.0815087e-227 0)
(0.0098 8.1243948e-227 0)
(0.01 9.670384e-227 0)
(0.0094 8.9115083e-227 0)
(0.0096 9.9216908e-227 0)
(0.009 8.2552082e-227 0)
(0.0092 9.9741888e-227 0)
(0.0086 8.824916e-227 0)
(0.0088 9.7124055e-227 0)
(0.0082 7.3782039e-227 0)
(0.0084 9.2458872e-227 0)
(0.0078 7.364028e-227 0)
(0.008 9.6321116e-227 0)
(0.0074 8.7965342e-227 0)
(0.0076 9.2150919e-227 0)
(0.007 7.9924242e-227 0)
(0.0072 9.6050111e-227 0)
(0.0066 8.5524201e-227 0)
(0.0068 9.5461219e-227 0)
(0.0062 8.0893414e-227 0)
(0.0064 9.5830149e-227 0)
(0.0058 8.5471807e-227 0)
(0.006 9.603973e-227 0)
(0.0054 7.178298e-227 0)
(0.0056 9.1305237e-227 0)
(0.005 8.4630713e-227 0)
(0.0052 8.9467986e-227 0)
(0.0046 7.3310265e-227 0)
(0.0048 8.9678346e-227 0)
(0.0042 8.5796835e-227 0)
(0.0044 9.6367832e-227 0)
(0.0038 7.1783086e-227 0)
(0.004 9.4093754e-227 0)
(0.0034 8.4633332e-227 0)
(0.0036 8.9298782e-227 0)
(0.003 7.2511247e-227 0)
(0.0032 8.9403882e-227 0)
(0.0026 6.996323e-227 0)
(0.0028 9.3929108e-227 0)
(0.0022 8.7915966e-227 0)
(0.0024 8.9410597e-227 0)
(0.0018 6.9963634e-227 0)
(0.002 8.944514e-227 0)
(0.0014 6.5802963e-227 0)
(0.0016 9.1872722e-227 0)
(0.001 8.2633098e-227 0)
(0.0012 8.4106884e-227 0)
(0.0006 7.3865064e-227 0)
(0.0008 8.9946213e-227 0)
(0.0002 7.7429323e-227 0)
(0.0004 8.6533173e-227 0)
(1.4699006e-226 1.4277907e-226 0)
)

