// Points

297
(
(0.034 0 0.024801587)
(0.034 0 0.025)
(0.034 0 0.024404762)
(0.034 0 0.024603175)
(0.034 0 0.024007937)
(0.034 0 0.024206349)
(0.034 0 0.023611111)
(0.034 0 0.023809524)
(0.034 0 0.023214286)
(0.034 0 0.023412698)
(0.034 0 0.02281746)
(0.034 0 0.023015873)
(0.034 0 0.022420635)
(0.034 0 0.022619048)
(0.034 0 0.02202381)
(0.034 0 0.022222222)
(0.034 0 0.021626984)
(0.034 0 0.021825397)
(0.034 0 0.021230159)
(0.034 0 0.021428571)
(0.034 0 0.020833333)
(0.034 0 0.021031746)
(0.034 0 0.020436508)
(0.034 0 0.020634921)
(0.034 0 0.020039683)
(0.034 0 0.020238095)
(0.034 0 0.019642857)
(0.034 0 0.01984127)
(0.034 0 0.019246032)
(0.034 0 0.019444444)
(0.034 0 0.018849206)
(0.034 0 0.019047619)
(0.034 0 0.018452381)
(0.034 0 0.018650794)
(0.034 0 0.018055556)
(0.034 0 0.018253968)
(0.034 0 0.01765873)
(0.034 0 0.017857143)
(0.034 0 0.017261905)
(0.034 0 0.017460317)
(0.034 0 0.016865079)
(0.034 0 0.017063492)
(0.034 0 0.016468254)
(0.034 0 0.016666667)
(0.034 0 0.016071429)
(0.034 0 0.016269841)
(0.034 0 0.015674603)
(0.034 0 0.015873016)
(0.034 0 0.015277778)
(0.034 0 0.01547619)
(0.034 0 0.014880952)
(0.034 0 0.015079365)
(0.034 0 0.014484127)
(0.034 0 0.01468254)
(0.034 0 0.014087302)
(0.034 0 0.014285714)
(0.034 0 0.013690476)
(0.034 0 0.013888889)
(0.034 0 0.013293651)
(0.034 0 0.013492063)
(0.034 0 0.012896825)
(0.034 0 0.013095238)
(0.034 0 0.0125)
(0.034 0 0.012698413)
(0.034 0 0.012103175)
(0.034 0 0.012301587)
(0.034 0 0.011706349)
(0.034 0 0.011904762)
(0.034 0 0.011309524)
(0.034 0 0.011507937)
(0.034 0 0.010912698)
(0.034 0 0.011111111)
(0.034 0 0.010515873)
(0.034 0 0.010714286)
(0.034 0 0.010119048)
(0.034 0 0.01031746)
(0.034 0 0.0097222222)
(0.034 0 0.0099206349)
(0.034 0 0.0093253968)
(0.034 0 0.0095238095)
(0.034 0 0.0089285714)
(0.034 0 0.0091269841)
(0.034 0 0.008531746)
(0.034 0 0.0087301587)
(0.034 0 0.0081349206)
(0.034 0 0.0083333333)
(0.034 0 0.0077380952)
(0.034 0 0.0079365079)
(0.034 0 0.0073412698)
(0.034 0 0.0075396825)
(0.034 0 0.0069444444)
(0.034 0 0.0071428571)
(0.034 0 0.006547619)
(0.034 0 0.0067460317)
(0.034 0 0.0061507937)
(0.034 0 0.0063492063)
(0.034 0 0.0057539683)
(0.034 0 0.005952381)
(0.034 0 0.0053571429)
(0.034 0 0.0055555556)
(0.034 0 0.0049603175)
(0.034 0 0.0051587302)
(0.034 0 0.0045634921)
(0.034 0 0.0047619048)
(0.034 0 0.0041666667)
(0.034 0 0.0043650794)
(0.034 0 0.0037698413)
(0.034 0 0.003968254)
(0.034 0 0.0033730159)
(0.034 0 0.0035714286)
(0.034 0 0.0029761905)
(0.034 0 0.0031746032)
(0.034 0 0.0025793651)
(0.034 0 0.0027777778)
(0.034 0 0.0021825397)
(0.034 0 0.0023809524)
(0.034 0 0.0017857143)
(0.034 0 0.001984127)
(0.034 0 0.0013888889)
(0.034 0 0.0015873016)
(0.034 0 0.00099206349)
(0.034 0 0.0011904762)
(0.034 0 0.0005952381)
(0.034 0 0.00079365079)
(0.034 0 0.0001984127)
(0.034 0 0.0003968254)
(0.0338 0 7.9606369e-227)
(0.034 0 1.0018777e-226)
(0.0334 0 8.9723389e-227)
(0.0336 0 9.9036577e-227)
(0.033 0 8.7201424e-227)
(0.0332 0 1.0231393e-226)
(0.0326 0 8.1330594e-227)
(0.0328 0 9.7121468e-227)
(0.0322 0 8.8825576e-227)
(0.0324 0 1.0037597e-226)
(0.0318 0 8.8658985e-227)
(0.032 0 1.0225459e-226)
(0.0314 0 7.9450705e-227)
(0.0316 0 9.6621987e-227)
(0.031 0 8.7257943e-227)
(0.0312 0 9.9465325e-227)
(0.0306 0 7.1282826e-227)
(0.0308 0 9.3815223e-227)
(0.0302 0 8.7043239e-227)
(0.0304 0 9.0058829e-227)
(0.0298 0 7.1257474e-227)
(0.03 0 9.0039372e-227)
(0.0294 0 8.7004357e-227)
(0.0296 0 9.0023565e-227)
(0.029 0 7.1462172e-227)
(0.0292 0 9.0004265e-227)
(0.0286 0 8.7920803e-227)
(0.0288 0 9.1360662e-227)
(0.0282 0 7.56467e-227)
(0.0284 0 9.3640275e-227)
(0.0278 0 8.646045e-227)
(0.028 0 9.7795256e-227)
(0.0274 0 8.9709928e-227)
(0.0276 0 1.0131506e-226)
(0.027 0 7.1222568e-227)
(0.0272 0 9.583752e-227)
(0.0266 0 8.678004e-227)
(0.0268 0 8.9903265e-227)
(0.0262 0 7.1204612e-227)
(0.0264 0 9.0802442e-227)
(0.0258 0 8.6278499e-227)
(0.026 0 9.5412675e-227)
(0.0254 0 9.0030091e-227)
(0.0256 0 1.0138254e-226)
(0.025 0 8.9937099e-227)
(0.0252 0 1.0359657e-226)
(0.0246 0 8.3735406e-227)
(0.0248 0 1.004254e-226)
(0.0242 0 8.9036037e-227)
(0.0244 0 9.9133055e-227)
(0.0238 0 8.7345146e-227)
(0.024 0 1.0145175e-226)
(0.0234 0 8.7415603e-227)
(0.0236 0 1.009068e-226)
(0.023 0 8.2475643e-227)
(0.0232 0 9.7964111e-227)
(0.0226 0 7.410299e-227)
(0.0228 0 9.0539185e-227)
(0.0222 0 8.7583047e-227)
(0.0224 0 1.0097673e-226)
(0.0218 0 8.5533038e-227)
(0.022 0 1.0022812e-226)
(0.0214 0 8.5661525e-227)
(0.0216 0 9.8828274e-227)
(0.021 0 8.7386696e-227)
(0.0212 0 1.0008598e-226)
(0.0206 0 8.7298368e-227)
(0.0208 0 1.0084196e-226)
(0.0202 0 8.2509981e-227)
(0.0204 0 9.7944243e-227)
(0.0198 0 7.4801662e-227)
(0.02 0 9.048747e-227)
(0.0194 0 8.7625523e-227)
(0.0196 0 1.0095561e-226)
(0.019 0 8.5418558e-227)
(0.0192 0 1.0082144e-226)
(0.0186 0 8.5701039e-227)
(0.0188 0 9.8809629e-227)
(0.0182 0 8.9700878e-227)
(0.0184 0 1.0181902e-226)
(0.0178 0 8.133809e-227)
(0.018 0 1.0014918e-226)
(0.0174 0 8.8284479e-227)
(0.0176 0 9.7320773e-227)
(0.017 0 8.7327375e-227)
(0.0172 0 1.0063103e-226)
(0.0166 0 7.3494114e-227)
(0.0168 0 9.7124162e-227)
(0.0162 0 8.8289435e-227)
(0.0164 0 9.2078327e-227)
(0.0158 0 8.5748288e-227)
(0.016 0 1.0005011e-226)
(0.0154 0 8.4676398e-227)
(0.0156 0 9.7562632e-227)
(0.015 0 9.0093475e-227)
(0.0152 0 1.0127133e-226)
(0.0146 0 8.0070998e-227)
(0.0148 0 9.858321e-227)
(0.0142 0 8.9076617e-227)
(0.0144 0 9.7223245e-227)
(0.0138 0 7.1431123e-227)
(0.014 0 9.3323823e-227)
(0.0134 0 8.7177353e-227)
(0.0136 0 9.0210139e-227)
(0.013 0 7.1422756e-227)
(0.0132 0 9.0237047e-227)
(0.0126 0 8.6472877e-227)
(0.0128 0 9.1039439e-227)
(0.0122 0 8.2328979e-227)
(0.0124 0 9.7391963e-227)
(0.0118 0 9.0732e-227)
(0.012 0 1.0112675e-226)
(0.0114 0 7.2129734e-227)
(0.0116 0 9.5635889e-227)
(0.011 0 8.7131708e-227)
(0.0112 0 9.0169077e-227)
(0.0106 0 7.1888359e-227)
(0.0108 0 9.0200625e-227)
(0.0102 0 8.6451179e-227)
(0.0104 0 9.0815087e-227)
(0.0098 0 8.1243948e-227)
(0.01 0 9.670384e-227)
(0.0094 0 8.9115083e-227)
(0.0096 0 9.9216908e-227)
(0.009 0 8.2552082e-227)
(0.0092 0 9.9741888e-227)
(0.0086 0 8.824916e-227)
(0.0088 0 9.7124055e-227)
(0.0082 0 7.3782039e-227)
(0.0084 0 9.2458872e-227)
(0.0078 0 7.364028e-227)
(0.008 0 9.6321116e-227)
(0.0074 0 8.7965342e-227)
(0.0076 0 9.2150919e-227)
(0.007 0 7.9924242e-227)
(0.0072 0 9.6050111e-227)
(0.0066 0 8.5524201e-227)
(0.0068 0 9.5461219e-227)
(0.0062 0 8.0893414e-227)
(0.0064 0 9.5830149e-227)
(0.0058 0 8.5471807e-227)
(0.006 0 9.603973e-227)
(0.0054 0 7.178298e-227)
(0.0056 0 9.1305237e-227)
(0.005 0 8.4630713e-227)
(0.0052 0 8.9467986e-227)
(0.0046 0 7.3310265e-227)
(0.0048 0 8.9678346e-227)
(0.0042 0 8.5796835e-227)
(0.0044 0 9.6367832e-227)
(0.0038 0 7.1783086e-227)
(0.004 0 9.4093754e-227)
(0.0034 0 8.4633332e-227)
(0.0036 0 8.9298782e-227)
(0.003 0 7.2511247e-227)
(0.0032 0 8.9403882e-227)
(0.0026 0 6.996323e-227)
(0.0028 0 9.3929108e-227)
(0.0022 0 8.7915966e-227)
(0.0024 0 8.9410597e-227)
(0.0018 0 6.9963634e-227)
(0.002 0 8.944514e-227)
(0.0014 0 6.5802963e-227)
(0.0016 0 9.1872722e-227)
(0.001 0 8.2633098e-227)
(0.0012 0 8.4106884e-227)
(0.0006 0 7.3865064e-227)
(0.0008 0 8.9946213e-227)
(0.0002 0 7.7429323e-227)
(0.0004 0 8.6533173e-227)
(1.4699006e-226 0 1.4277907e-226)
)

