// Data on points

35
(
(-176.10601 140.70566 0)
(-1073.872 -127.17658 0)
(-1508.1106 217.03348 0)
(-973.76807 619.8728 0)
(-1744.2009 -873.35594 0)
(-1633.2115 -391.97998 0)
(-1526.4235 -1697.8852 0)
(-1643.2005 -1352.8479 0)
(-1123.9118 -2279.3952 0)
(-1342.191 -2038.9961 0)
(-685.70875 -2608.9371 0)
(-886.16357 -2476.4189 0)
(-313.98188 -2812.1241 0)
(-491.2934 -2721.6439 0)
(-8.9452148 -2961.4577 0)
(-145.96014 -2885.8126 0)
(287.35154 -3127.6063 0)
(129.4412 -3040.4331 0)
(569.43102 -3294.5371 0)
(434.86537 -3198.9253 0)
(855.65674 -3518.9237 0)
(708.30395 -3387.4611 0)
(1208.2637 -3828.9394 0)
(1017.9368 -3648.5524 0)
(1677.4148 -4248.3216 0)
(1427.4795 -4002.7521 0)
(2390.5742 -4911.8458 0)
(1995.1934 -4514.021 0)
(3650.4821 -5905.8562 0)
(2946.9776 -5330.0696 0)
(6048.1548 -7324.5321 0)
(4732.4902 -6506.2124 0)
(20383.45 -2980.1121 0)
(7644.0306 -7971.2331 0)
(13792.094 -9124.4878 0)
)

